erlang_index,erlang,general_blocking,BBP,Total_current_utilization,Blocked_by_XT,Ruta_mas_larga,tiempo_transcurrido,conexiones_exitosas,Max_XT_for_modulation_16QAM,Max_XT_for_modulation_8QAM,Max_XT_for_modulation_QPSK,Max_XT_for_modulation_BPSK,conexiones_exitosas_con_16QAM,conexiones_exitosas_con_8QAM,conexiones_exitosas_con_QPSK,conexiones_exitosas_con_BPSK,modulaciones_usadas_en_banda_E_con_16QAM,modulaciones_usadas_en_banda_E_con_8QAM,modulaciones_usadas_en_banda_E_con_QPSK,modulaciones_usadas_en_banda_E_con_BPSK,modulaciones_usadas_en_banda_S_con_16QAM,modulaciones_usadas_en_banda_S_con_8QAM,modulaciones_usadas_en_banda_S_con_QPSK,modulaciones_usadas_en_banda_S_con_BPSK,modulaciones_usadas_en_banda_L_con_16QAM,modulaciones_usadas_en_banda_L_con_8QAM,modulaciones_usadas_en_banda_L_con_QPSK,modulaciones_usadas_en_banda_L_con_BPSK,modulaciones_usadas_en_banda_C_con_16QAM,modulaciones_usadas_en_banda_C_con_8QAM,modulaciones_usadas_en_banda_C_con_QPSK,modulaciones_usadas_en_banda_C_con_BPSK
1,1000,0,0,0.0164095,0,771,130262,1000001,-99,-99,-99,-99,1e+06,0,0,0,0,0,0,0,586855,0,0,0,400184,0,0,0,12962,0,0,0
2,2000,0,0,0.0321461,0,771,189820,1000001,-38.1192,-99,-99,-99,1e+06,0,0,0,0,0,0,0,533164,0,0,0,423903,0,0,0,42934,0,0,0
3,3000,0,0,0.0467727,0,771,247898,1000001,-38.1192,-99,-99,-99,1e+06,0,0,0,0,0,0,0,506893,0,0,0,434749,0,0,0,58359,0,0,0
4,4000,0,0,0.0606234,0,771,319928,1000001,-33.3477,-99,-99,-99,1e+06,0,0,0,0,0,0,0,490503,0,0,0,447814,0,0,0,61684,0,0,0
5,5000,0,0,0.0747366,0,771,389732,1000001,-33.3477,-99,-99,-99,1e+06,0,0,0,0,0,0,0,474171,0,0,0,445207,0,0,0,80623,0,0,0
6,6000,0,0,0.0888857,0,771,437732,1000001,-33.3477,-99,-99,-99,1e+06,0,0,0,0,0,0,0,455521,0,0,0,430249,0,0,0,114231,0,0,0
7,7000,0,0,0.10359,0,771,525408,1000001,-33.3477,-99,-99,-99,1e+06,0,0,0,0,0,0,0,444019,0,0,0,415096,0,0,0,140886,0,0,0
8,8000,0,0,0.117978,0,771,587486,1000001,-33.3477,-99,-99,-99,1e+06,0,0,0,0,0,0,0,427258,0,0,0,412371,0,0,0,160372,0,0,0
9,9000,0,0,0.132511,0,771,681473,1000001,-33.3477,-99,-99,-99,1e+06,0,0,0,0,0,0,0,430560,0,0,0,406314,0,0,0,163127,0,0,0
10,10000,0,0,0.147039,0,771,730175,1000001,-33.3477,-99,-99,-99,1e+06,0,0,0,0,0,0,0,438979,0,0,0,400114,0,0,0,160908,0,0,0
11,11000,0,0,0.161856,0,771,835814,1000001,-33.3477,-99,-99,-99,1e+06,0,0,0,0,0,0,0,449817,0,0,0,393317,0,0,0,156867,0,0,0
12,12000,0,0,0.176195,0,771,865033,1000001,-25.2234,-24.8958,-99,-99,999997,4,0,0,0,0,0,0,455390,4,0,0,388956,0,0,0,155651,0,0,0
13,13000,0,0,0.189512,0,771,982041,1000001,-25.2234,-24.8958,-99,-99,999987,14,0,0,0,0,0,0,457835,14,0,0,383517,0,0,0,158635,0,0,0
14,14000,1.8e-05,5.64041e-05,0.204702,0,774,1.07886e+06,999983,-25.2234,-24.8958,-99,-99,999971,12,0,0,0,0,0,0,456430,5,0,0,383593,5,0,0,159948,2,0,0
15,15000,3.9e-05,0.000122209,0.218538,0,774,1.13724e+06,999962,-25.2234,-24.8958,-99,-99,999957,5,0,0,0,0,0,0,455985,3,0,0,383645,2,0,0,160327,0,0,0
16,16000,0.000132,0.00041363,0.230602,0,774,1.24894e+06,999869,-25.2052,-24.8958,-99,-99,999865,4,0,0,0,0,0,0,454522,3,0,0,384657,1,0,0,160686,0,0,0
17,17000,0.000293,0.000918133,0.245592,0,774,1.40769e+06,999708,-25.2052,-24.8958,-99,-99,999707,1,0,0,0,0,0,0,452431,1,0,0,386168,0,0,0,161108,0,0,0
18,18000,0.000867999,0.00271993,0.257181,0,774,1.5094e+06,999133,-25.2234,-24.8958,-99,-99,999131,2,0,0,0,0,0,0,450212,1,0,0,388565,1,0,0,160354,0,0,0
19,19000,0.001678,0.00525812,0.2697,0,774,1.44838e+06,998323,-25.2234,-24.8958,-99,-99,998322,1,0,0,0,0,0,0,446865,0,0,0,390721,0,0,0,160736,1,0,0
20,20000,0.003324,0.0104141,0.28194,0,774,1.55423e+06,996677,-25.2052,-24.8958,-99,-99,996676,1,0,0,0,0,0,0,444306,1,0,0,392444,0,0,0,159926,0,0,0
21,21000,0.00582799,0.0182549,0.289254,0,774,1.70553e+06,994173,-25.2234,-99,-99,-99,994173,0,0,0,0,0,0,0,439376,0,0,0,391999,0,0,0,162798,0,0,0
22,22000,0.00835899,0.0261785,0.299547,0,774,1.80662e+06,991642,-25.2052,-99,-99,-99,991642,0,0,0,0,0,0,0,435066,0,0,0,391374,0,0,0,165202,0,0,0
23,23000,0.011475,0.0359129,0.309131,0,774,1.75833e+06,988526,-25.2052,-24.8958,-99,-99,988525,1,0,0,0,0,0,0,429267,0,0,0,389398,1,0,0,169860,0,0,0
24,24000,0.01491,0.0466561,0.317899,0,774,1.90143e+06,985091,-25.2052,-99,-99,-99,985091,0,0,0,0,0,0,0,426040,0,0,0,386665,0,0,0,172386,0,0,0
25,25000,0.018792,0.0587423,0.324068,0,774,2.00542e+06,981209,-25.2234,-99,-99,-99,981209,0,0,0,0,0,0,0,423716,0,0,0,383387,0,0,0,174106,0,0,0
26,26000,0.022416,0.0700666,0.332637,0,774,2.10149e+06,977585,-25.2234,-24.8958,-99,-99,977584,1,0,0,0,0,0,0,422986,1,0,0,379187,0,0,0,175411,0,0,0
27,27000,0.026491,0.0827202,0.339422,0,774,2.28338e+06,973510,-25.2234,-99,-99,-99,973510,0,0,0,0,0,0,0,423241,0,0,0,375240,0,0,0,175029,0,0,0
28,28000,0.029971,0.0935616,0.344095,0,774,2.22141e+06,970030,-25.2234,-24.8958,-99,-99,970029,1,0,0,0,0,0,0,424503,1,0,0,371533,0,0,0,173993,0,0,0
29,29000,0.033365,0.104134,0.35166,0,774,2.78875e+06,966636,-25.2052,-24.8958,-99,-99,966635,1,0,0,0,0,0,0,425077,0,0,0,367683,0,0,0,173875,1,0,0
30,30000,0.037021,0.115441,0.35795,0,774,3.09818e+06,962980,-25.2234,-99,-99,-99,962980,0,0,0,0,0,0,0,425825,0,0,0,364478,0,0,0,172677,0,0,0
31,31000,0.040376,0.125667,0.36319,0,774,2.54346e+06,959625,-25.2234,-99,-99,-99,959625,0,0,0,0,0,0,0,425523,0,0,0,361851,0,0,0,172251,0,0,0
32,32000,0.043849,0.136393,0.369849,0,774,2.71247e+06,956152,-25.2234,-24.8958,-99,-99,956151,1,0,0,0,0,0,0,425005,0,0,0,359433,0,0,0,171713,1,0,0
33,33000,0.047235,0.146662,0.375691,0,774,2.83528e+06,952766,-25.2234,-99,-99,-99,952766,0,0,0,0,0,0,0,422712,0,0,0,358987,0,0,0,171067,0,0,0
34,34000,0.0502549,0.155118,0.379551,0,774,3.43852e+06,949746,-25.2234,-99,-99,-99,949746,0,0,0,0,0,0,0,421825,0,0,0,358939,0,0,0,168982,0,0,0
35,35000,0.0537079,0.165291,0.385622,0,774,3.21408e+06,946293,-25.2234,-99,-99,-99,946293,0,0,0,0,0,0,0,418986,0,0,0,358356,0,0,0,168951,0,0,0
36,36000,0.0560729,0.172185,0.391177,0,774,2.93171e+06,943928,-25.2234,-24.8958,-99,-99,943926,2,0,0,0,0,0,0,416725,0,0,0,358676,1,0,0,168525,1,0,0
37,37000,0.0597479,0.182126,0.396263,0,774,3.07183e+06,940253,-25.2234,-99,-99,-99,940253,0,0,0,0,0,0,0,414103,0,0,0,359220,0,0,0,166930,0,0,0
38,38000,0.0623339,0.189283,0.401356,0,774,3.35197e+06,937667,-25.2052,-24.8958,-99,-99,937666,1,0,0,0,0,0,0,413242,1,0,0,356940,0,0,0,167484,0,0,0
39,39000,0.0661149,0.199524,0.40644,0,774,3.41204e+06,933886,-25.2234,-99,-99,-99,933886,0,0,0,0,0,0,0,409978,0,0,0,355900,0,0,0,168008,0,0,0
40,40000,0.0688349,0.206616,0.412054,0,774,3.34138e+06,931166,-25.2052,-99,-99,-99,931166,0,0,0,0,0,0,0,407469,0,0,0,355003,0,0,0,168694,0,0,0
41,41000,0.0720979,0.214515,0.416662,0,774,3.94232e+06,927903,-25.2234,-99,-99,-99,927903,0,0,0,0,0,0,0,404305,0,0,0,354386,0,0,0,169212,0,0,0
42,42000,0.0751859,0.222613,0.419058,0,774,4.11223e+06,924815,-25.2234,-24.8958,-99,-99,924814,1,0,0,0,0,0,0,404932,1,0,0,352012,0,0,0,167870,0,0,0
43,43000,0.0778269,0.22925,0.425098,0,774,3.87606e+06,922174,-25.2234,-99,-99,-99,922174,0,0,0,0,0,0,0,404275,0,0,0,349591,0,0,0,168308,0,0,0
44,44000,0.0810229,0.237082,0.428909,0,774,3.71672e+06,918978,-25.2234,-99,-99,-99,918978,0,0,0,0,0,0,0,403427,0,0,0,347781,0,0,0,167770,0,0,0
45,45000,0.0833429,0.242681,0.435399,0,774,4.07989e+06,916658,-25.2234,-24.879,-99,-99,916657,1,0,0,0,0,0,0,400843,1,0,0,347697,0,0,0,168117,0,0,0
46,46000,0.0863849,0.249165,0.438153,0,774,3.65013e+06,913616,-25.0918,-24.879,-99,-99,913609,7,0,0,0,0,0,0,401811,7,0,0,345192,0,0,0,166606,0,0,0
47,47000,0.0893319,0.256504,0.441819,0,774,4.18721e+06,910669,-25.0918,-24.879,-99,-99,910656,13,0,0,0,0,0,0,400836,13,0,0,343580,0,0,0,166240,0,0,0
48,48000,0.0932269,0.265908,0.44575,0,774,4.35706e+06,906774,-25.0918,-24.879,-99,-99,906739,35,0,0,0,0,0,0,397850,31,0,0,343101,2,0,0,165788,2,0,0
49,49000,0.0948009,0.269449,0.450265,0,774,4.22077e+06,905200,-25.0918,-24.879,-99,-99,905178,22,0,0,0,0,0,0,398251,18,0,0,341810,0,0,0,165117,4,0,0
50,50000,0.0971239,0.274989,0.454414,0,793,4.52291e+06,902877,-25.0918,-24.879,-99,-99,902835,42,0,0,0,0,0,0,396243,24,0,0,342126,10,0,0,164466,8,0,0
51,51000,0.100121,0.281504,0.455195,2,815,4.25846e+06,899880,-25.0918,-24.879,-99,-99,899862,18,0,0,0,0,0,0,394483,11,0,0,340641,2,0,0,164738,5,0,0
52,52000,0.103019,0.288402,0.459492,0,815,4.81896e+06,896982,-25.0918,-24.879,-99,-99,896946,36,0,0,0,0,0,0,393260,17,0,0,339140,13,0,0,164546,6,0,0
53,53000,0.105699,0.294136,0.464507,0,815,5.08596e+06,894302,-25.0918,-24.879,-99,-99,894270,32,0,0,0,0,0,0,391462,17,0,0,339424,11,0,0,163384,4,0,0
54,54000,0.108404,0.30053,0.466095,24,815,5.64699e+06,891597,-25.0918,-24.879,-99,-99,891565,32,0,0,0,0,0,0,389613,15,0,0,336866,13,0,0,165086,4,0,0
55,55000,0.110712,0.305387,0.470032,30,815,5.02053e+06,889289,-25.0918,-24.879,-99,-99,889269,20,0,0,0,0,0,0,386518,13,0,0,337755,3,0,0,164996,4,0,0
56,56000,0.113382,0.312487,0.472352,30,815,5.50807e+06,886619,-25.0918,-24.879,-99,-99,886585,34,0,0,0,0,0,0,386236,15,0,0,335488,13,0,0,164861,6,0,0
57,57000,0.116497,0.318485,0.477135,34,815,4.77064e+06,883504,-25.0918,-24.879,-99,-99,883474,30,0,0,0,0,0,0,384797,24,0,0,333637,2,0,0,165040,4,0,0
58,58000,0.118795,0.323767,0.478994,22,815,5.84611e+06,881206,-25.0918,-24.879,-99,-99,881174,32,0,0,0,0,0,0,382898,14,0,0,332660,5,0,0,165616,13,0,0
59,59000,0.1217,0.330035,0.480805,28,815,5.75472e+06,878301,-25.0918,-24.879,-99,-99,878280,21,0,0,0,0,0,0,380916,9,0,0,331396,2,0,0,165968,10,0,0
60,60000,0.124127,0.335178,0.485545,86,815,5.45657e+06,875874,-25.2234,-24.879,-99,-99,875849,25,0,0,0,0,0,0,380261,14,0,0,329694,3,0,0,165894,8,0,0
61,61000,0.126261,0.339275,0.48754,34,815,5.82248e+06,873740,-25.0918,-24.879,-99,-99,873717,23,0,0,0,0,0,0,378657,17,0,0,329255,4,0,0,165805,2,0,0
62,62000,0.129156,0.345269,0.489907,29,815,6.21052e+06,870845,-25.0918,-24.879,-99,-99,870816,29,0,0,0,0,0,0,378276,12,0,0,325785,8,0,0,166755,9,0,0
63,63000,0.131912,0.350638,0.492503,51,815,6.22753e+06,868089,-25.0918,-24.879,-99,-99,868061,28,0,0,0,0,0,0,375941,12,0,0,325863,10,0,0,166257,6,0,0
64,64000,0.134876,0.35711,0.496084,79,815,5.45695e+06,865125,-25.0918,-24.879,-99,-99,865100,25,0,0,0,0,0,0,375747,17,0,0,323235,7,0,0,166118,1,0,0
65,65000,0.136892,0.360424,0.497635,44,815,6.01797e+06,863109,-25.0918,-24.879,-99,-99,863096,13,0,0,0,0,0,0,373356,6,0,0,322445,4,0,0,167295,3,0,0
66,66000,0.140554,0.368235,0.499652,85,815,6.48742e+06,859447,-25.0918,-24.879,-99,-99,859429,18,0,0,0,0,0,0,372027,10,0,0,322141,5,0,0,165261,3,0,0
67,67000,0.142457,0.372652,0.501677,75,815,5.57653e+06,857544,-25.0918,-24.879,-99,-99,857533,11,0,0,0,0,0,0,371560,2,0,0,320846,8,0,0,165127,1,0,0
68,68000,0.145783,0.378602,0.503454,48,815,6.24992e+06,854218,-25.0918,-24.879,-99,-99,854203,15,0,0,0,0,0,0,370182,4,0,0,319185,1,0,0,164836,10,0,0
69,69000,0.147704,0.382413,0.506632,37,815,6.7855e+06,852297,-25.0918,-24.879,-99,-99,852282,15,0,0,0,0,0,0,369907,3,0,0,316954,5,0,0,165421,7,0,0
70,70000,0.151092,0.388386,0.506928,23,815,6.76852e+06,848909,-25.0918,-24.879,-99,-99,848897,12,0,0,0,0,0,0,368599,2,0,0,316022,8,0,0,164276,2,0,0
71,71000,0.15289,0.391512,0.509281,41,815,6.23389e+06,847111,-25.0918,-24.879,-99,-99,847101,10,0,0,0,0,0,0,367782,2,0,0,314941,5,0,0,164378,3,0,0
72,72000,0.155685,0.397358,0.511576,32,815,6.84402e+06,844316,-25.0918,-24.7736,-99,-99,844305,11,0,0,0,0,0,0,365426,9,0,0,314958,2,0,0,163921,0,0,0
73,73000,0.158477,0.402599,0.514815,32,815,7.2539e+06,841524,-25.0918,-24.879,-99,-99,841516,8,0,0,0,0,0,0,365454,7,0,0,312492,0,0,0,163570,1,0,0
74,74000,0.160964,0.407676,0.516246,12,815,7.04335e+06,839037,-25.0918,-24.879,-99,-99,839026,11,0,0,0,0,0,0,364433,7,0,0,311162,3,0,0,163431,1,0,0
75,75000,0.162553,0.409259,0.51906,27,815,7.35215e+06,837448,-25.0918,-24.879,-99,-99,837443,5,0,0,0,0,0,0,363151,2,0,0,310695,3,0,0,163597,0,0,0
76,76000,0.165195,0.415213,0.518617,48,815,7.39159e+06,834806,-25.0918,-24.879,-99,-99,834797,9,0,0,0,0,0,0,363034,4,0,0,309401,5,0,0,162362,0,0,0
77,77000,0.168181,0.420515,0.520691,38,815,6.60827e+06,831820,-25.0918,-24.879,-99,-99,831811,9,0,0,0,0,0,0,360696,2,0,0,308041,7,0,0,163074,0,0,0
78,78000,0.17004,0.423226,0.524325,7,815,7.33547e+06,829961,-25.0918,-24.879,-99,-99,829951,10,0,0,0,0,0,0,360320,6,0,0,307875,3,0,0,161756,1,0,0
79,79000,0.172549,0.427531,0.525407,16,815,7.86368e+06,827452,-25.0918,-24.879,-99,-99,827446,6,0,0,0,0,0,0,358443,4,0,0,306422,2,0,0,162581,0,0,0
80,80000,0.174579,0.431817,0.526959,18,815,8.04288e+06,825422,-25.0918,-24.879,-99,-99,825403,19,0,0,0,0,0,0,358919,16,0,0,305350,3,0,0,161134,0,0,0
81,81000,0.177304,0.436306,0.528666,25,815,7.6484e+06,822697,-25.0918,-24.879,-99,-99,822692,5,0,0,0,0,0,0,356727,0,0,0,304980,5,0,0,160985,0,0,0
82,82000,0.17964,0.440392,0.530658,9,815,7.52761e+06,820361,-25.0918,-24.879,-99,-99,820352,9,0,0,0,0,0,0,355737,4,0,0,303829,2,0,0,160786,3,0,0
83,83000,0.181582,0.442455,0.531953,10,815,7.60538e+06,818419,-25.0918,-24.879,-99,-99,818412,7,0,0,0,0,0,0,354432,3,0,0,303793,3,0,0,160187,1,0,0
84,84000,0.184181,0.446546,0.53333,14,815,7.82918e+06,815820,-25.0918,-24.7736,-99,-99,815809,11,0,0,0,0,0,0,354146,5,0,0,301352,0,0,0,160311,6,0,0
85,85000,0.187024,0.451635,0.535579,6,815,7.93239e+06,812977,-25.0918,-24.879,-99,-99,812967,10,0,0,0,0,0,0,352174,3,0,0,301224,0,0,0,159569,7,0,0
86,86000,0.189223,0.45555,0.536684,8,815,7.97125e+06,810778,-25.0918,-24.879,-99,-99,810770,8,0,0,0,0,0,0,351690,5,0,0,299656,1,0,0,159424,2,0,0
87,87000,0.191442,0.459159,0.539302,13,815,8.32976e+06,808559,-25.0918,-24.879,-99,-99,808555,4,0,0,0,0,0,0,350538,3,0,0,298661,0,0,0,159356,1,0,0
88,88000,0.19321,0.462237,0.541522,3,815,8.20473e+06,806791,-25.0918,-24.879,-99,-99,806789,2,0,0,0,0,0,0,349005,0,0,0,298584,2,0,0,159200,0,0,0
89,89000,0.195931,0.466609,0.543326,10,815,8.35651e+06,804070,-25.0918,-24.8121,-99,-99,804061,9,0,0,0,0,0,0,348466,6,0,0,297500,2,0,0,158095,1,0,0
90,90000,0.198348,0.469029,0.542739,4,815,8.40244e+06,801653,-25.0918,-24.879,-99,-99,801651,2,0,0,0,0,0,0,346784,1,0,0,296680,0,0,0,158187,1,0,0
91,91000,0.200125,0.473235,0.545442,6,815,8.57645e+06,799876,-25.0918,-24.879,-99,-99,799869,7,0,0,0,0,0,0,347024,3,0,0,295187,4,0,0,157658,0,0,0
92,92000,0.202941,0.477595,0.546885,5,815,8.46174e+06,797060,-25.0918,-24.879,-99,-99,797055,5,0,0,0,0,0,0,344761,5,0,0,294805,0,0,0,157489,0,0,0
93,93000,0.205178,0.480505,0.546587,5,815,8.53518e+06,794823,-25.0918,-24.7736,-99,-99,794811,12,0,0,0,0,0,0,343991,6,0,0,293567,6,0,0,157253,0,0,0
94,94000,0.207169,0.483791,0.548588,2,815,8.61134e+06,792832,-25.0918,-24.879,-99,-99,792819,13,0,0,0,0,0,0,342859,10,0,0,293254,3,0,0,156706,0,0,0
95,95000,0.20919,0.485898,0.551437,0,815,8.75401e+06,790811,-25.0918,-24.879,-99,-99,790801,10,0,0,0,0,0,0,341904,3,0,0,291688,4,0,0,157209,3,0,0
96,96000,0.211254,0.489339,0.554063,4,815,8.32321e+06,788747,-25.0918,-24.7736,-99,-99,788740,7,0,0,0,0,0,0,341998,1,0,0,290790,2,0,0,155952,4,0,0
97,97000,0.213565,0.492652,0.554136,5,815,8.72422e+06,786436,-25.0918,-24.8177,-99,-99,786432,4,0,0,0,0,0,0,340702,3,0,0,290505,0,0,0,155225,1,0,0
98,98000,0.214719,0.494074,0.555786,6,815,8.71502e+06,785282,-25.0918,-24.879,-99,-99,785273,9,0,0,0,0,0,0,339059,5,0,0,289984,2,0,0,156230,2,0,0
99,99000,0.217739,0.498488,0.557289,4,815,8.8968e+06,782262,-25.0918,-24.879,-99,-99,782250,12,0,0,0,0,0,0,337594,9,0,0,287870,1,0,0,156786,2,0,0
100,100000,0.21956,0.500984,0.558559,3,815,8.59798e+06,780441,-25.0918,-24.8121,-99,-99,780435,6,0,0,0,0,0,0,337602,2,0,0,287389,2,0,0,155444,2,0,0
