erlang_index,erlang,general_blocking,BBP,Total_current_utilization,Blocked_by_XT,Ruta_mas_larga,tiempo_transcurrido,conexiones_exitosas,Max_XT_for_modulation_16QAM,Max_XT_for_modulation_8QAM,Max_XT_for_modulation_QPSK,Max_XT_for_modulation_BPSK,conexiones_exitosas_con_16QAM,conexiones_exitosas_con_8QAM,conexiones_exitosas_con_QPSK,conexiones_exitosas_con_BPSK,modulaciones_usadas_en_banda_E_con_16QAM,modulaciones_usadas_en_banda_E_con_8QAM,modulaciones_usadas_en_banda_E_con_QPSK,modulaciones_usadas_en_banda_E_con_BPSK,modulaciones_usadas_en_banda_S_con_16QAM,modulaciones_usadas_en_banda_S_con_8QAM,modulaciones_usadas_en_banda_S_con_QPSK,modulaciones_usadas_en_banda_S_con_BPSK,modulaciones_usadas_en_banda_L_con_16QAM,modulaciones_usadas_en_banda_L_con_8QAM,modulaciones_usadas_en_banda_L_con_QPSK,modulaciones_usadas_en_banda_L_con_BPSK,modulaciones_usadas_en_banda_C_con_16QAM,modulaciones_usadas_en_banda_C_con_8QAM,modulaciones_usadas_en_banda_C_con_QPSK,modulaciones_usadas_en_banda_C_con_BPSK
1,1000,0,0,0.0314345,0,9700,123589,1000001,-33.9794,-31.0791,-28.4164,-27.122,301578,298265,376328,23830,0,0,0,0,205390,156349,165450,13479,93984,132896,182176,10351,2204,9020,28702,0
2,2000,0,0,0.0596037,0,9700,177807,1000001,-33.7675,-26.9027,-22.8208,-22.8208,302186,301464,374378,21973,0,0,0,0,196626,146820,159926,11917,98384,141643,190561,10056,7176,13001,23891,0
3,3000,0,0,0.085504,0,9700,234327,1000001,-30.1768,-26.3067,-22.8208,-22.8208,304274,303154,370969,21604,0,0,0,0,191179,137703,142804,11771,100961,144777,195936,9831,12134,20674,32229,2
4,4000,0,0,0.111697,0,9700,284739,1000001,-29.2076,-25.8826,-22.8208,-22.8208,306057,304770,368173,21001,0,0,0,0,187240,128932,135039,11169,104925,150195,197383,9750,13892,25643,35751,82
5,5000,0,0,0.137483,0,9700,350555,1000001,-28.9957,-25.8826,-22.8208,-22.348,306743,306483,366631,20144,0,0,0,0,181765,124487,128648,9536,106603,154961,201849,9748,18375,27035,36134,860
6,6000,0,0,0.164562,0,9700,410600,1000001,-26.1967,-23.2953,-19.203,-14.3597,306335,309051,364854,19761,0,0,0,0,176846,123973,125925,7778,106764,157329,201782,9561,22725,27749,37147,2422
7,7000,0,0,0.192116,0,9700,492914,1000001,-26.1967,-22.9733,-18.5952,-14.3597,306258,310824,361830,21089,0,0,0,0,171868,122823,122882,7782,109436,157432,194460,8237,24954,30569,44488,5070
8,8000,0,0,0.219568,0,9700,581336,1000001,-26.1967,-22.9733,-18.5776,-14.3597,306848,311764,361341,20048,0,0,0,0,167459,122263,119735,7588,113158,154759,181405,6402,26231,34742,60201,6058
9,9000,2.6e-05,8.14726e-05,0.24554,11,9700,647578,999975,-25.9848,-21.0757,-18.5952,-14.3597,307725,311482,361926,18842,0,0,0,0,164776,119601,117435,7884,116757,152079,167413,5367,26192,39802,77078,5591
10,10000,0.002401,0.00752368,0.267345,1039,9700,729152,997600,-25.9848,-21.0757,-18.5776,-14.3597,308395,311426,360236,17543,0,0,0,0,163683,116821,113487,8430,118395,151457,157636,4562,26317,43148,89113,4551
11,11000,0.01061,0.0332471,0.279803,3341,9700,792981,989391,-25.9848,-21.0757,-18.5776,-14.3597,309321,311311,352726,16033,0,0,0,0,162464,113731,109222,8910,119450,150987,146932,3641,27407,46593,96572,3482
12,12000,0.019083,0.0597977,0.292114,4351,9700,884288,980918,-25.9848,-21.0757,-18.5326,-14.3597,309766,310336,345202,15614,0,0,0,0,159347,112255,109413,10412,120345,150501,137594,3021,30074,47580,98195,2181
13,13000,0.02621,0.0821288,0.303047,5101,9700,930903,973791,-25.9848,-21.0757,-18.5326,-14.3597,309936,309104,338602,16149,0,0,0,0,156404,111772,114963,12223,121655,148827,128581,2538,31877,48505,95058,1388
14,14000,0.032379,0.10146,0.313701,5252,9700,995681,967622,-25.9848,-21.0757,-18.5326,-14.3597,310513,307480,332608,17021,0,0,0,0,151992,110174,120698,13635,123386,148291,120274,2130,35135,49015,91636,1256
15,15000,0.038117,0.119431,0.325126,5386,9800,1.05995e+06,961884,-25.9848,-21.0757,-18.5326,-14.3597,310280,305587,328103,17914,0,0,0,0,148398,109728,126982,14359,124480,146862,113155,2141,37402,48997,87966,1414
16,16000,0.042803,0.134098,0.334895,5330,9800,1.12343e+06,957198,-25.9848,-21.0757,-18.5326,-14.2121,310228,304389,323915,18666,0,0,0,0,144845,109695,132723,14666,125839,144066,107523,2091,39544,50628,83669,1909
17,17000,0.048142,0.150792,0.348733,5807,9800,1.29326e+06,951859,-25.9848,-21.0757,-18.5326,-14.3597,309469,302834,320054,19502,0,0,0,0,141553,109937,136765,15256,126447,142557,103877,2220,41469,50340,79412,2026
18,18000,0.0527079,0.16502,0.361222,6499,9800,1.26037e+06,947293,-25.9848,-21.0757,-18.5326,-14.3597,309195,299691,318082,20325,0,0,0,0,138946,109285,141661,15385,126846,139250,100599,2878,43403,51156,75822,2062
19,19000,0.0573919,0.17959,0.368285,7757,9800,1.34156e+06,942609,-25.9848,-21.0757,-18.5326,-14.3597,308822,298594,313929,21264,0,0,0,0,137299,108770,144418,16199,127142,138137,96884,3245,44381,51687,72627,1820
20,20000,0.0623529,0.195046,0.375814,8728,9800,1.41378e+06,937648,-25.9848,-21.0757,-18.5326,-14.3597,308327,296225,311528,21568,0,0,0,0,135386,108304,147209,16455,127058,134900,94569,3430,45883,53021,69750,1683
21,21000,0.0671439,0.20995,0.381846,9525,10000,1.37367e+06,932857,-25.9848,-21.0757,-18.5326,-14.3099,307862,293905,308922,22168,0,0,0,0,134609,105726,149433,17660,125896,134028,91802,3172,47357,54151,67687,1336
22,22000,0.0716999,0.224009,0.388604,9992,10000,1.4444e+06,928301,-25.9848,-21.0757,-18.5326,-14.3099,307090,291891,306694,22626,0,0,0,0,134134,104683,149401,18539,124762,132723,91567,2857,48194,54485,65726,1230
23,23000,0.0760769,0.237346,0.39543,10234,10000,1.52134e+06,923924,-25.9848,-21.0757,-18.5326,-14.3099,306224,290445,303999,23256,0,0,0,0,132674,103219,148791,19438,123736,131653,91725,2878,49814,55573,63483,940
24,24000,0.0804449,0.250405,0.403637,10840,10000,1.55307e+06,919556,-25.9848,-21.0757,-18.5326,-14.2121,305267,288867,301945,23477,0,0,0,0,133214,102078,145675,19440,121500,131629,93747,3086,50553,55160,62523,951
25,25000,0.0845569,0.262682,0.411954,11208,10000,1.63477e+06,915444,-25.9848,-21.0757,-18.5326,-14.1639,304329,287225,299979,23911,0,0,0,0,131361,101577,145126,19382,120609,130263,94033,3366,52359,55385,60820,1163
26,26000,0.0888109,0.274972,0.41935,11689,10000,1.77078e+06,911190,-25.8491,-21.0757,-18.5326,-14.1639,303599,285347,298232,24012,0,0,0,0,131328,100746,142266,18918,119613,129527,96128,3743,52658,55074,59838,1351
27,27000,0.0917199,0.283115,0.427366,12034,10000,2.06311e+06,908281,-25.6853,-21.0757,-18.5326,-14.3099,303025,284580,296577,24099,0,0,0,0,130364,99333,139353,18559,119075,128969,98309,4027,53586,56278,58915,1513
28,28000,0.0952819,0.292931,0.431492,12100,10000,1.7723e+06,904719,-25.6853,-21.0757,-18.5326,-14.1639,302149,282370,296140,24060,0,0,0,0,130304,98864,137685,17469,118312,127389,99032,4622,53533,56117,59423,1969
29,29000,0.0985429,0.301568,0.43974,12992,10000,2.12635e+06,901458,-25.8491,-21.0757,-18.5326,-14.1639,301468,281139,294945,23906,0,0,0,0,129989,99203,135945,16743,117860,125589,99317,4699,53619,56347,59683,2464
30,30000,0.102113,0.310972,0.446787,13403,10000,2.01551e+06,897888,-25.6853,-21.0757,-18.5326,-14.1639,300402,280676,292872,23938,0,0,0,0,129673,99225,132358,16569,116884,123541,99677,4467,53845,57910,60837,2902
31,31000,0.10465,0.317107,0.456501,13314,10000,1.85709e+06,895351,-25.6853,-21.0757,-18.5326,-14.1639,299718,278861,293098,23674,0,0,0,0,129186,100778,131385,15869,116438,122027,98708,4515,54094,56056,63005,3290
32,32000,0.108242,0.32562,0.464823,13875,10000,1.98831e+06,891759,-25.6853,-21.0757,-18.5326,-14.1639,298961,277861,290984,23953,0,0,0,0,129713,100614,130056,16118,115851,120088,97152,4577,53397,57159,63776,3258
33,33000,0.110528,0.331306,0.473208,14985,10000,2.09678e+06,889473,-25.6853,-21.0757,-18.5326,-14.1639,298219,276337,291156,23761,0,0,0,0,128844,101321,131218,16107,116042,118280,94587,4234,53333,56736,65351,3420
34,34000,0.113195,0.337786,0.478939,16082,10000,1.99015e+06,886806,-25.6853,-21.0757,-18.5326,-14.1639,297314,276076,289833,23583,0,0,0,0,128982,101866,129844,16570,114612,117797,92773,3952,53720,56413,67216,3061
35,35000,0.115802,0.343389,0.487798,16093,10300,2.15626e+06,884199,-25.6853,-21.0757,-18.5326,-14.1639,296183,275598,288666,23752,0,0,0,0,128079,103205,129989,17107,114596,116984,90746,3936,53508,55409,67931,2709
36,36000,0.118442,0.349711,0.498307,16962,10300,2.52795e+06,881559,-25.6853,-21.0757,-18.5326,-14.1639,295703,274185,288170,23501,0,0,0,0,126817,103079,130295,17015,114145,116428,88812,3920,54741,54678,69063,2566
37,37000,0.120397,0.354246,0.504823,18391,10300,2.3482e+06,879604,-25.6853,-21.0757,-18.5326,-14.1639,294470,274468,286698,23968,0,0,0,0,125839,103374,131948,17075,114685,114972,86994,4103,53946,56122,67756,2790
38,38000,0.122541,0.358949,0.513811,19512,10300,2.38509e+06,877460,-25.6853,-21.0757,-18.5326,-14.1639,293657,273653,285896,24254,0,0,0,0,125137,105482,132157,17705,114075,113640,85569,4258,54445,54531,68170,2291
39,39000,0.125252,0.36466,0.521651,20033,10300,2.43075e+06,874749,-25.6853,-21.0757,-18.5326,-14.1639,292142,273615,284137,24855,0,0,0,0,125279,103943,133476,17954,113429,114742,83480,4218,53434,54930,67181,2683
40,40000,0.127843,0.371095,0.526435,20607,10300,2.45342e+06,872158,-25.6853,-21.0757,-18.5326,-14.1639,290854,273899,281822,25583,0,0,0,0,123032,105103,134406,18286,113886,114368,81354,4597,53936,54428,66062,2700
41,41000,0.130228,0.375691,0.534204,22477,10300,2.57203e+06,869773,-25.6853,-21.0757,-18.5326,-14.1639,290054,274376,279769,25574,0,0,0,0,122975,106330,133916,18173,113867,113433,80398,4815,53212,54613,65455,2586
42,42000,0.132373,0.380344,0.539842,22775,10300,2.71043e+06,867628,-25.6853,-21.0757,-18.5326,-14.1639,288612,274456,278690,25870,0,0,0,0,122183,107747,135251,18479,112560,113453,79035,4769,53869,53256,64404,2622
43,43000,0.1356,0.387176,0.548205,24369,10300,2.73392e+06,864401,-25.6853,-21.0757,-18.5326,-14.1639,287914,273878,276745,25864,0,0,0,0,121230,107604,134821,18559,113162,112136,78593,4782,53522,54138,63331,2523
44,44000,0.138152,0.392594,0.553412,25551,10300,2.81098e+06,861849,-25.3155,-21.0757,-18.5326,-14.1639,286803,274096,275071,25879,0,0,0,0,120745,107740,134095,18701,112579,111994,78536,4671,53479,54362,62440,2507
45,45000,0.140144,0.396693,0.55938,27180,10300,2.78866e+06,859857,-25.6853,-21.0757,-18.5326,-14.1639,286398,274533,273098,25828,0,0,0,0,120463,108913,133785,18659,112435,112428,77782,4785,53500,53192,61531,2384
46,46000,0.142516,0.401677,0.563818,27563,10300,2.97275e+06,857485,-25.3155,-21.0757,-18.5326,-14.1639,285632,274183,271648,26022,0,0,0,0,120655,108224,132747,18618,111801,111857,78148,5031,53176,54102,60753,2373
47,47000,0.145289,0.407113,0.568981,28897,10300,2.99734e+06,854712,-25.3155,-21.0757,-18.5326,-14.1639,284757,274440,269738,25777,0,0,0,0,121307,108621,130627,18770,110898,111372,79350,4849,52552,54447,59761,2158
48,48000,0.147248,0.410626,0.574067,31753,10300,3.14357e+06,852753,-25.2275,-21.0757,-18.5024,-14.1639,284230,274715,267873,25935,0,0,0,0,120292,109200,129911,18596,110937,110493,78936,5073,53001,55022,59026,2266
49,49000,0.149385,0.414791,0.581111,32822,10300,3.16514e+06,850616,-25.3155,-21.0757,-18.5024,-14.1639,283148,274526,266877,26065,0,0,0,0,119476,109575,129317,18009,111553,109802,78919,5625,52119,55149,58641,2431
50,50000,0.151868,0.419136,0.584182,34400,10300,3.148e+06,848133,-25.2275,-21.0757,-18.5024,-14.1639,282827,274629,264876,25801,0,0,0,0,120198,110221,126992,17879,110382,108367,78874,5619,52247,56041,59010,2303
51,51000,0.15386,0.42262,0.589655,34257,10300,3.33052e+06,846141,-25.2275,-21.0757,-18.5024,-14.1639,282898,274404,263007,25832,0,0,0,0,119917,109467,125134,18177,110421,108134,79717,5217,52560,56803,58156,2438
52,52000,0.155602,0.425637,0.595078,36283,10300,3.34795e+06,844399,-25.2275,-21.0757,-18.5024,-14.1639,282354,274401,261829,25815,0,0,0,0,119026,109840,124753,17643,110431,108483,78766,5402,52897,56078,58310,2770
53,53000,0.157882,0.430024,0.601039,37123,10300,3.53259e+06,842119,-25.2275,-21.0757,-18.5024,-14.1639,281329,273822,261185,25783,0,0,0,0,118576,110255,124034,17566,110868,106819,79292,5305,51885,56748,57859,2912
54,54000,0.16026,0.4344,0.605288,39494,10300,3.45473e+06,839741,-25.2275,-21.0757,-18.5024,-14.1639,280117,273710,260037,25877,0,0,0,0,118168,110466,124216,17778,109595,105673,78254,5230,52354,57571,57567,2869
55,55000,0.162495,0.438055,0.611394,41978,10300,3.96026e+06,837506,-25.2275,-21.0757,-18.5024,-14.1639,279520,273112,258983,25891,0,0,0,0,117547,109595,122781,17648,110433,104791,78905,5221,51540,58726,57297,3022
56,56000,0.165239,0.442709,0.614612,42070,10300,3.55492e+06,834762,-25.2275,-21.0757,-18.5024,-14.1639,278883,271484,258609,25786,0,0,0,0,118027,109323,122741,17675,110018,103566,77893,5200,50838,58595,57975,2911
57,57000,0.167316,0.447153,0.617781,42363,12700,3.99347e+06,832685,-25.2275,-21.0757,-18.5024,-14.1639,277529,271653,258206,25297,0,0,0,0,115861,110001,122650,17254,110347,103397,76865,5241,51321,58255,58691,2802
58,58000,0.170342,0.452784,0.623397,46008,12700,5.6175e+06,829659,-25.2275,-21.0757,-18.5024,-14.1639,276814,270644,256722,25479,0,0,0,0,114868,109256,121730,17558,110262,102394,77114,5000,51684,58994,57878,2921
59,59000,0.172149,0.456011,0.624203,48673,12700,4.0357e+06,827852,-25.2275,-21.0757,-18.5024,-14.1639,276212,270747,255649,25244,0,0,0,0,115372,109810,121430,17332,110259,102641,75098,5223,50581,58296,59121,2689
60,60000,0.174609,0.459919,0.629766,50216,12700,4.4669e+06,825392,-25.2275,-21.0757,-18.5024,-14.1639,275038,269311,256101,24942,0,0,0,0,114095,108865,122890,16975,110508,100328,74714,5198,50435,60118,58497,2769
61,61000,0.176914,0.464122,0.63021,52547,12700,4.03473e+06,823087,-25.2275,-21.0757,-18.5024,-14.1639,274674,268328,254858,25227,0,0,0,0,113851,108984,122092,17242,109971,100346,74097,5339,50852,58998,58669,2646
62,62000,0.178889,0.467542,0.63416,56827,12700,4.36979e+06,821112,-25.2275,-21.0757,-18.5024,-14.1639,273629,268297,254401,24785,0,0,0,0,113333,108667,122450,17236,109932,99622,74596,4956,50364,60008,57355,2593
63,63000,0.181839,0.47297,0.636741,53549,12700,4.91861e+06,818162,-25.2275,-21.0757,-18.5024,-14.1639,273168,267119,252867,25008,0,0,0,0,113636,107372,123337,17087,109558,99120,73193,5181,49974,60627,56337,2740
64,64000,0.183783,0.47632,0.640578,56048,12700,4.77782e+06,816218,-25.2275,-21.0757,-18.5024,-14.1639,271944,266643,252810,24821,0,0,0,0,112681,106979,124492,17176,109464,99008,71836,5166,49799,60656,56482,2479
65,65000,0.18684,0.482408,0.643398,57318,12700,4.11447e+06,813161,-25.2275,-21.0757,-18.5024,-14.2607,270697,265519,252091,24854,0,0,0,0,111293,107722,124233,17188,109266,97366,72566,5096,50138,60431,55292,2570
66,66000,0.189267,0.486494,0.645553,60068,12700,4.55019e+06,810734,-25.2275,-21.0757,-18.5024,-14.1639,270434,264766,250815,24719,0,0,0,0,111728,106545,123363,17040,108343,98018,72732,4932,50363,60203,54720,2747
67,67000,0.191527,0.489833,0.647143,59580,12700,4.79747e+06,808474,-25.2275,-21.0757,-18.5024,-14.2607,269868,262785,251524,24297,0,0,0,0,110782,106255,125162,16849,108619,96516,72377,4735,50467,60014,53985,2713
68,68000,0.19339,0.493395,0.64761,63033,12700,4.75504e+06,806611,-25.2275,-21.0757,-18.5024,-14.1639,268555,264055,249544,24457,0,0,0,0,110436,107315,123311,16932,108379,96076,71892,4964,49740,60664,54341,2561
69,69000,0.195434,0.497705,0.651452,60892,12700,4.95139e+06,804567,-25.2275,-21.0757,-18.5024,-14.1639,267496,263019,249816,24236,0,0,0,0,110018,107215,123274,16873,107779,95902,71803,5022,49699,59902,54739,2341
70,70000,0.197595,0.501362,0.654551,62572,12700,4.90227e+06,802406,-25.2275,-21.0757,-18.5024,-14.2607,267872,261413,249004,24117,0,0,0,0,109620,106206,124310,16841,108062,95027,71929,4589,50190,60180,52765,2687
71,71000,0.200099,0.505422,0.656865,62465,12700,4.58467e+06,799902,-25.2275,-21.0757,-18.5024,-14.3099,266678,260890,248392,23942,0,0,0,0,108999,106445,123223,16672,107912,94519,71507,4693,49767,59926,53662,2577
72,72000,0.20226,0.510244,0.657238,65974,12700,4.82843e+06,797741,-25.2275,-21.0757,-18.5024,-14.1639,264747,261161,247666,24167,0,0,0,0,108396,105932,122691,17008,106489,94972,71392,4782,49862,60257,53583,2377
73,73000,0.203852,0.512354,0.660735,62567,12700,4.64518e+06,796149,-25.2275,-21.0757,-18.5024,-14.2607,264677,259550,247775,24147,0,0,0,0,108262,105798,122991,16835,106985,93023,71940,4887,49430,60729,52844,2425
74,74000,0.205938,0.51666,0.660431,68266,12700,5.16146e+06,794063,-25.2275,-21.0757,-18.5024,-14.1639,264826,257931,247667,23639,0,0,0,0,107834,106061,122816,16629,106782,92505,71839,4427,50210,59365,53012,2583
75,75000,0.208168,0.520383,0.664283,65404,12700,5.33477e+06,791833,-25.2275,-21.0757,-18.5024,-14.1639,263651,257835,246101,24246,0,0,0,0,107406,106263,120905,17054,106869,92714,71904,4756,49376,58858,53292,2436
76,76000,0.209926,0.52344,0.668954,64293,12700,5.1033e+06,790075,-25.2275,-21.0757,-18.5024,-14.1639,262545,256946,246618,23966,0,0,0,0,107217,106969,120898,16684,106379,91230,72761,4815,48949,58747,52959,2467
77,77000,0.212297,0.527597,0.669409,68811,12700,5.66878e+06,787704,-25.2275,-21.0757,-18.5024,-14.2607,262302,255644,245886,23872,0,0,0,0,106714,106557,120539,16892,106305,90467,72394,4701,49283,58620,52953,2279
78,78000,0.214065,0.53005,0.669651,66370,12700,5.26478e+06,785936,-25.2275,-21.0757,-18.5024,-14.3099,262190,254559,245216,23971,0,0,0,0,105797,105134,120211,16810,106259,90940,71972,4847,50134,58485,53033,2314
79,79000,0.215624,0.534069,0.671174,66596,12700,5.64395e+06,784377,-25.2275,-21.0757,-18.5024,-14.2121,260426,254632,245607,23712,0,0,0,0,105411,104695,121415,16558,105485,90886,71795,4696,49530,59051,52397,2458
80,80000,0.217956,0.537528,0.67636,67796,12700,5.39321e+06,782045,-25.2275,-21.0757,-18.5024,-14.3099,260231,253172,245016,23626,0,0,0,0,104557,105623,119523,16517,105254,90106,72397,4676,50420,57443,53096,2433
81,81000,0.219345,0.539776,0.677393,67355,12700,5.47144e+06,780656,-25.2275,-21.0757,-18.5024,-14.3099,259368,252843,244748,23697,0,0,0,0,104086,105368,120008,16494,105126,89234,71876,4747,50156,58241,52864,2456
82,82000,0.220871,0.542421,0.681531,68141,12700,5.75252e+06,779130,-25.2275,-21.0757,-18.5024,-14.2607,259255,252386,244050,23439,0,0,0,0,103678,105256,119270,16361,104350,88944,72300,4658,51227,58186,52480,2420
83,83000,0.22222,0.544408,0.683624,66083,12700,5.58636e+06,777781,-25.2275,-21.0757,-18.5024,-14.3099,258394,251505,244327,23555,0,0,0,0,102749,105574,120035,16275,105047,88180,71710,4732,50598,57751,52582,2548
84,84000,0.223619,0.546851,0.687744,68929,12700,6.20185e+06,776382,-25.2275,-21.0757,-18.5024,-14.2607,258332,250391,244340,23319,0,0,0,0,102835,105205,118950,16171,104254,88405,72062,4628,51243,56781,53328,2520
85,85000,0.225763,0.551176,0.687049,65318,12700,6.07201e+06,774238,-25.2275,-21.0757,-18.5024,-14.2607,257458,250058,242926,23796,0,0,0,0,101765,104995,118305,16685,104706,87930,71448,4526,50987,57133,53173,2585
86,86000,0.227827,0.554667,0.688607,66737,12700,6.47631e+06,772174,-25.2275,-21.0757,-18.5024,-14.2607,256650,249728,242360,23436,0,0,0,0,101197,104981,118744,16183,104010,88674,71096,4707,51443,56073,52520,2546
87,87000,0.228994,0.55672,0.690595,69187,12700,6.03858e+06,771007,-25.2275,-21.0757,-18.5024,-14.1639,256069,248850,243031,23057,0,0,0,0,100704,104161,118356,15971,103764,88382,71660,4656,51601,56307,53015,2430
88,88000,0.230252,0.558228,0.693983,66391,12700,6.07867e+06,769749,-25.2275,-21.0757,-18.5024,-14.1639,255057,249313,241934,23445,0,0,0,0,100389,105348,117849,16235,103552,88076,71362,4781,51116,55889,52723,2429
89,89000,0.231741,0.561592,0.695865,67728,12700,6.3422e+06,768260,-25.2275,-21.0757,-18.5024,-14.2121,254500,248908,241445,23407,0,0,0,0,99991,105035,117473,16450,102955,87806,71478,4531,51554,56067,52494,2426
90,90000,0.233526,0.564097,0.699729,66551,12700,6.2954e+06,766475,-25.2275,-21.0757,-18.5024,-14.2607,254044,247802,241379,23250,0,0,0,0,99479,105988,117963,16418,102927,86258,70811,4481,51638,55556,52605,2351
91,91000,0.235393,0.567611,0.699509,66834,12700,6.53915e+06,764608,-25.2275,-21.0757,-18.5024,-14.3099,253247,247959,240187,23215,0,0,0,0,98828,104749,116730,16416,103196,86833,70591,4583,51223,56377,52866,2216
92,92000,0.236297,0.569399,0.705115,65045,12700,6.38998e+06,763704,-25.2275,-21.0757,-18.5024,-14.3099,252742,248216,239476,23270,0,0,0,0,98536,105545,116390,16635,102386,86790,70491,4405,51820,55881,52595,2230
93,93000,0.238034,0.572152,0.706374,68610,12700,6.378e+06,761967,-25.2275,-21.0757,-18.5024,-14.2607,251732,247282,238903,24050,0,0,0,0,98100,105454,115709,16849,101697,86111,70800,4838,51935,55717,52394,2363
94,94000,0.239479,0.574616,0.709633,67280,12700,6.91932e+06,760522,-25.2275,-21.0757,-18.5024,-14.1639,251422,247302,238254,23544,0,0,0,0,97197,105384,115973,16604,102040,86048,70411,4687,52185,55870,51870,2253
95,95000,0.241364,0.577159,0.709596,63837,12700,6.71131e+06,758637,-25.2275,-21.0757,-18.5024,-14.2121,250697,247277,236659,24004,0,0,0,0,97398,104757,114951,17165,101320,86561,69593,4643,51979,55959,52115,2196
96,96000,0.242789,0.579094,0.711982,62621,12700,6.98875e+06,757212,-25.2275,-21.0757,-18.5024,-14.2607,250060,246241,236851,24060,0,0,0,0,95986,105566,115244,17042,101380,84918,69936,4616,52694,55757,51671,2402
97,97000,0.24412,0.581157,0.715163,64565,12700,7.00164e+06,755881,-25.2275,-21.0757,-18.5024,-14.2607,248909,246989,235914,24069,0,0,0,0,95979,105065,114486,16896,100676,85670,69941,4718,52254,56254,51487,2455
98,98000,0.245874,0.583823,0.718543,58669,12700,6.82999e+06,754127,-25.2275,-21.0757,-18.5024,-14.1639,247906,246872,235020,24329,0,0,0,0,95304,105807,114159,16750,100130,85927,68724,5039,52472,55138,52137,2540
99,99000,0.247469,0.585173,0.722437,60006,12700,7.06849e+06,752532,-25.2275,-21.0757,-18.5024,-14.1639,247379,246425,234257,24471,0,0,0,0,95042,105620,113911,16882,99754,85420,69242,4987,52583,55385,51104,2602
100,100000,0.248846,0.58734,0.72223,60520,12700,7.30426e+06,751155,-25.2275,-21.0757,-18.5024,-14.3099,246762,247122,232964,24307,0,0,0,0,94844,106282,113683,16631,98953,85220,68920,5035,52965,55620,50361,2641
