erlang_index,erlang,general_blocking,BBP,Total_current_utilization,Blocked_by_XT,Ruta_mas_larga,tiempo_transcurrido,conexiones_exitosas,Max_XT_for_modulation_16QAM,Max_XT_for_modulation_8QAM,Max_XT_for_modulation_QPSK,Max_XT_for_modulation_BPSK,conexiones_exitosas_con_16QAM,conexiones_exitosas_con_8QAM,conexiones_exitosas_con_QPSK,conexiones_exitosas_con_BPSK,modulaciones_usadas_en_banda_E_con_16QAM,modulaciones_usadas_en_banda_E_con_8QAM,modulaciones_usadas_en_banda_E_con_QPSK,modulaciones_usadas_en_banda_E_con_BPSK,modulaciones_usadas_en_banda_S_con_16QAM,modulaciones_usadas_en_banda_S_con_8QAM,modulaciones_usadas_en_banda_S_con_QPSK,modulaciones_usadas_en_banda_S_con_BPSK,modulaciones_usadas_en_banda_L_con_16QAM,modulaciones_usadas_en_banda_L_con_8QAM,modulaciones_usadas_en_banda_L_con_QPSK,modulaciones_usadas_en_banda_L_con_BPSK,modulaciones_usadas_en_banda_C_con_16QAM,modulaciones_usadas_en_banda_C_con_8QAM,modulaciones_usadas_en_banda_C_con_QPSK,modulaciones_usadas_en_banda_C_con_BPSK
1,1000,0,0,0.014145,0,1201,113456,1000001,-99,-99,-99,-99,1e+06,0,0,0,0,0,0,0,598668,0,0,0,400176,0,0,0,1157,0,0,0
2,2000,0,0,0.0275505,0,1201,161768,1000001,-36.2415,-99,-99,-99,1e+06,0,0,0,0,0,0,0,548870,0,0,0,411530,0,0,0,39601,0,0,0
3,3000,0,0,0.0397601,0,1201,213323,1000001,-36.2415,-99,-99,-99,1e+06,0,0,0,0,0,0,0,519733,0,0,0,431693,0,0,0,48575,0,0,0
4,4000,0,0,0.0520599,0,1201,277577,1000001,-36.2415,-99,-99,-99,1e+06,0,0,0,0,0,0,0,504848,0,0,0,434687,0,0,0,60466,0,0,0
5,5000,0,0,0.0647132,0,1201,333481,1000001,-32.3819,-99,-99,-99,1e+06,0,0,0,0,0,0,0,486745,0,0,0,444007,0,0,0,69249,0,0,0
6,6000,0,0,0.0774098,0,1201,396119,1000001,-32.3819,-99,-99,-99,1e+06,0,0,0,0,0,0,0,475936,0,0,0,451283,0,0,0,72782,0,0,0
7,7000,0,0,0.0900198,0,1201,445008,1000001,-32.2706,-99,-99,-99,1e+06,0,0,0,0,0,0,0,469289,0,0,0,453351,0,0,0,77361,0,0,0
8,8000,0,0,0.102228,0,1201,523851,1000001,-31.47,-99,-99,-99,1e+06,0,0,0,0,0,0,0,463297,0,0,0,451791,0,0,0,84913,0,0,0
9,9000,0,0,0.114464,0,1201,579876,1000001,-31.47,-99,-99,-99,1e+06,0,0,0,0,0,0,0,453949,0,0,0,449705,0,0,0,96347,0,0,0
10,10000,0,0,0.126972,0,1201,639111,1000001,-31.47,-99,-99,-99,1e+06,0,0,0,0,0,0,0,448185,0,0,0,445962,0,0,0,105854,0,0,0
11,11000,0,0,0.139729,0,1201,705157,1000001,-31.47,-99,-99,-99,1e+06,0,0,0,0,0,0,0,446439,0,0,0,437676,0,0,0,115886,0,0,0
12,12000,0,0,0.152594,0,1201,772252,1000001,-31.47,-99,-99,-99,1e+06,0,0,0,0,0,0,0,439212,0,0,0,433409,0,0,0,127380,0,0,0
13,13000,0,0,0.165341,0,1201,805767,1000001,-31.47,-99,-99,-99,1e+06,0,0,0,0,0,0,0,438170,0,0,0,427324,0,0,0,134507,0,0,0
14,14000,0,0,0.177706,0,1201,885988,1000001,-31.47,-99,-99,-99,1e+06,0,0,0,0,0,0,0,436928,0,0,0,419882,0,0,0,143191,0,0,0
15,15000,0,0,0.189872,0,1201,1.0019e+06,1000001,-25.3906,-23.9299,-99,-99,999992,9,0,0,0,0,0,0,433007,9,0,0,414460,0,0,0,152525,0,0,0
16,16000,0,0,0.202179,0,1201,1.03898e+06,1000001,-25.3906,-23.9299,-99,-99,999975,26,0,0,0,0,0,0,430371,21,0,0,409560,0,0,0,160044,5,0,0
17,17000,0,0,0.214455,0,1201,1.08912e+06,1000001,-25.3906,-23.9299,-99,-99,999954,47,0,0,0,0,0,0,426237,29,0,0,406959,8,0,0,166758,10,0,0
18,18000,0,0,0.227026,0,1201,1.11792e+06,1000001,-25.3906,-23.3996,-99,-99,999803,198,0,0,0,0,0,0,426309,181,0,0,403249,9,0,0,170245,8,0,0
19,19000,0,0,0.240292,0,1201,1.23187e+06,1000001,-25.3906,-23.3996,-99,-99,998972,1029,0,0,0,0,0,0,426017,748,0,0,398896,106,0,0,174059,175,0,0
20,20000,0,0,0.253232,0,1201,1.28125e+06,1000001,-25.3906,-23.3996,-99,-99,998542,1459,0,0,0,0,0,0,426790,744,0,0,396579,426,0,0,175173,289,0,0
21,21000,0,0,0.266539,0,1201,1.41703e+06,1000001,-25.3906,-23.3996,-99,-99,998631,1370,0,0,0,0,0,0,425532,658,0,0,394863,429,0,0,178236,283,0,0
22,22000,0,0,0.279627,0,1201,1.49842e+06,1000001,-25.2801,-23.3009,-99,-99,998814,1187,0,0,0,0,0,0,425847,581,0,0,393598,387,0,0,179369,219,0,0
23,23000,6.59999e-05,0.000206815,0.294803,20,1201,1.59857e+06,999935,-25.1715,-23.3009,-99,-99,998301,1634,0,0,0,0,0,0,425505,918,0,0,392487,417,0,0,180309,299,0,0
24,24000,0.001031,0.0032307,0.305934,399,1201,1.74059e+06,998970,-25.0158,-22.974,-99,-99,996982,1988,0,0,0,0,0,0,425117,928,0,0,391801,607,0,0,180064,453,0,0
25,25000,0.003787,0.0118668,0.316557,1478,1201,1.88939e+06,996214,-25.0158,-22.974,-99,-99,993974,2240,0,0,0,0,0,0,422752,1181,0,0,390059,591,0,0,181163,468,0,0
26,26000,0.00691399,0.0216654,0.328019,2699,1263,2.02629e+06,993087,-25.0158,-22.974,-99,-99,990613,2474,0,0,0,0,0,0,419995,1204,0,0,388602,756,0,0,182016,514,0,0
27,27000,0.00997699,0.0312635,0.336616,3688,1263,1.9323e+06,990024,-25.0158,-22.974,-99,-99,987693,2331,0,0,0,0,0,0,418446,1081,0,0,387276,720,0,0,181971,530,0,0
28,28000,0.01357,0.0425224,0.345198,3910,1263,2.05687e+06,986431,-25.0158,-22.974,-99,-99,983996,2435,0,0,0,0,0,0,417823,1010,0,0,383426,908,0,0,182747,517,0,0
29,29000,0.017951,0.0562505,0.352502,4248,1263,2.04758e+06,982050,-25.0158,-22.974,-99,-99,979887,2163,0,0,0,0,0,0,415641,1060,0,0,381782,730,0,0,182464,373,0,0
30,30000,0.022178,0.0694961,0.359194,4715,1263,2.2937e+06,977823,-25.0158,-22.974,-99,-99,975536,2287,0,0,0,0,0,0,413590,1082,0,0,377502,727,0,0,184444,478,0,0
31,31000,0.025786,0.080802,0.367047,4849,1325,2.19892e+06,974215,-25.0158,-22.9271,-99,-99,972082,2133,0,0,0,0,0,0,409285,974,0,0,376326,690,0,0,186471,469,0,0
32,32000,0.029919,0.093753,0.374239,5081,1325,2.22472e+06,970082,-25.0158,-22.974,-99,-99,967398,2684,0,0,0,0,0,0,407425,1417,0,0,373033,757,0,0,186940,510,0,0
33,33000,0.033693,0.105579,0.381445,5288,1325,2.29154e+06,966308,-25.0158,-22.6229,-99,-99,963768,2540,0,0,0,0,0,0,405898,1337,0,0,371058,676,0,0,186812,527,0,0
34,34000,0.037265,0.116772,0.386831,5935,1325,2.38544e+06,962736,-25.0158,-22.6229,-99,-99,960033,2703,0,0,0,0,0,0,404919,1303,0,0,368262,793,0,0,186852,607,0,0
35,35000,0.04055,0.127066,0.392964,6212,1325,2.51274e+06,959451,-25.0158,-22.6229,-99,-99,956681,2770,0,0,0,0,0,0,403928,1268,0,0,365982,867,0,0,186771,635,0,0
36,36000,0.043652,0.136786,0.400305,5983,1325,2.70267e+06,956349,-25.0158,-22.6229,-99,-99,953324,3025,0,0,0,0,0,0,403902,1426,0,0,363026,927,0,0,186396,672,0,0
37,37000,0.04713,0.147685,0.406477,5700,1325,2.69322e+06,952871,-25.0158,-22.6229,-99,-99,949808,3063,0,0,0,0,0,0,403030,1448,0,0,359932,941,0,0,186846,674,0,0
38,38000,0.0500869,0.156951,0.412796,6434,1325,2.53595e+06,949914,-25.0158,-22.6229,-99,-99,946879,3035,0,0,0,0,0,0,399992,1558,0,0,358620,914,0,0,188267,563,0,0
39,39000,0.0530039,0.166091,0.418595,6315,1325,2.65553e+06,946997,-25.0158,-22.6229,-99,-99,943737,3260,0,0,0,0,0,0,400382,1721,0,0,355427,941,0,0,187928,598,0,0
40,40000,0.0551789,0.172907,0.423921,6408,1325,2.82242e+06,944822,-25.0158,-22.6229,-99,-99,941521,3301,0,0,0,0,0,0,398821,1668,0,0,353537,998,0,0,189163,635,0,0
41,41000,0.0573039,0.179566,0.432222,6092,1325,2.95906e+06,942697,-25.0158,-22.6229,-99,-99,939126,3571,0,0,0,0,0,0,399104,1704,0,0,350133,1033,0,0,189889,834,0,0
42,42000,0.0601919,0.188615,0.436896,6567,1325,2.94007e+06,939809,-25.0158,-22.5434,-99,-99,936208,3601,0,0,0,0,0,0,399801,1683,0,0,346956,1069,0,0,189451,849,0,0
43,43000,0.0634419,0.198799,0.443427,6756,1325,4.19229e+06,936559,-25.0158,-22.5434,-99,-99,932770,3789,0,0,0,0,0,0,396246,1788,0,0,346834,1208,0,0,189690,793,0,0
44,44000,0.0658789,0.206436,0.447323,7220,1325,4.19044e+06,934122,-25.0158,-22.6229,-99,-99,930411,3711,0,0,0,0,0,0,396490,1724,0,0,343754,1188,0,0,190167,799,0,0
45,45000,0.0689169,0.215956,0.451712,7191,1325,3.11666e+06,931084,-25.0158,-22.6229,-99,-99,927545,3539,0,0,0,0,0,0,395076,1671,0,0,341806,1028,0,0,190663,840,0,0
46,46000,0.0706219,0.221298,0.4586,7825,1325,3.24502e+06,929379,-25.0158,-22.6229,-99,-99,925886,3493,0,0,0,0,0,0,395239,1753,0,0,341639,1014,0,0,189008,726,0,0
47,47000,0.0730479,0.228898,0.459986,7604,1325,3.20448e+06,926953,-25.0158,-22.6229,-99,-99,923491,3462,0,0,0,0,0,0,393924,1791,0,0,340218,929,0,0,189349,742,0,0
48,48000,0.0757209,0.237274,0.467541,7986,1325,3.88039e+06,924280,-25.0158,-22.6229,-99,-99,920476,3804,0,0,0,0,0,0,393528,1966,0,0,338769,1075,0,0,188179,763,0,0
49,49000,0.0772609,0.242102,0.471962,8328,1325,3.74283e+06,922740,-25.0158,-22.6229,-99,-99,918788,3952,0,0,0,0,0,0,392861,1961,0,0,337609,1174,0,0,188318,817,0,0
50,50000,0.0800569,0.250858,0.476257,7692,1325,3.44235e+06,919944,-25.0158,-22.6229,-99,-99,916041,3903,0,0,0,0,0,0,392229,1929,0,0,334684,1129,0,0,189128,845,0,0
51,51000,0.0823059,0.257898,0.482184,7578,1325,3.6679e+06,917695,-25.0158,-22.5434,-99,-99,913527,4168,0,0,0,0,0,0,391295,2044,0,0,334441,1161,0,0,187791,963,0,0
52,52000,0.0838519,0.26274,0.484987,8192,1325,3.62914e+06,916149,-25.0158,-22.6229,-99,-99,912095,4054,0,0,0,0,0,0,391954,1957,0,0,332229,1192,0,0,187912,905,0,0
53,53000,0.0851929,0.26695,0.492581,8410,1325,3.84486e+06,914808,-25.0158,-22.5434,-99,-99,910748,4060,0,0,0,0,0,0,392694,1939,0,0,331139,1154,0,0,186915,967,0,0
54,54000,0.0875429,0.274306,0.495058,8242,1325,3.9318e+06,912458,-25.0158,-22.6229,-99,-99,908639,3819,0,0,0,0,0,0,391651,1777,0,0,329200,1220,0,0,187788,822,0,0
55,55000,0.0889909,0.278823,0.499477,8289,1325,4.09496e+06,911010,-25.0158,-22.6229,-99,-99,907230,3780,0,0,0,0,0,0,390080,1735,0,0,328884,1260,0,0,188266,785,0,0
56,56000,0.0905349,0.283676,0.505694,8022,1325,4.22579e+06,909466,-25.0158,-22.6229,-99,-99,905729,3737,0,0,0,0,0,0,390261,1740,0,0,327362,1155,0,0,188106,842,0,0
57,57000,0.0916959,0.287313,0.50972,8082,1325,4.32671e+06,908305,-25.0158,-22.6229,-99,-99,904739,3566,0,0,0,0,0,0,391354,1630,0,0,324469,1072,0,0,188916,864,0,0
58,58000,0.0938159,0.29392,0.514365,7664,1325,4.58666e+06,906185,-25.0158,-22.6229,-99,-99,902316,3869,0,0,0,0,0,0,390477,1826,0,0,323157,1155,0,0,188682,888,0,0
59,59000,0.0952259,0.298346,0.519944,7807,1325,5.90205e+06,904775,-25.0158,-22.6229,-99,-99,901096,3679,0,0,0,0,0,0,390550,1822,0,0,321873,1148,0,0,188673,709,0,0
60,60000,0.0967669,0.303093,0.523871,7934,1325,4.62657e+06,903234,-25.0158,-22.6229,-99,-99,899682,3552,0,0,0,0,0,0,391467,1815,0,0,318164,989,0,0,190051,748,0,0
61,61000,0.0980389,0.306976,0.52836,7755,1325,6.09796e+06,901962,-25.0158,-22.5434,-99,-99,898211,3751,0,0,0,0,0,0,390119,1950,0,0,318704,1018,0,0,189388,783,0,0
62,62000,0.0994199,0.310977,0.53452,8349,1325,4.67306e+06,900581,-25.0158,-22.6229,-99,-99,896487,4094,0,0,0,0,0,0,389919,2086,0,0,317212,1180,0,0,189356,828,0,0
63,63000,0.100851,0.31498,0.537188,7714,1325,6.64433e+06,899150,-25.0158,-22.6229,-99,-99,895083,4067,0,0,0,0,0,0,387873,2028,0,0,315916,1131,0,0,191294,908,0,0
64,64000,0.103023,0.321609,0.541553,8150,1325,5.09717e+06,896978,-25.0158,-22.6229,-99,-99,892717,4261,0,0,0,0,0,0,386125,2097,0,0,314613,1275,0,0,191979,889,0,0
65,65000,0.10463,0.326141,0.548142,7279,1350,5.12531e+06,895371,-25.0158,-22.6229,-99,-99,890800,4571,0,0,0,0,0,0,386952,2249,0,0,313532,1297,0,0,190316,1025,0,0
66,66000,0.105741,0.328694,0.549042,8475,1350,5.27291e+06,894260,-25.0158,-22.6229,-99,-99,889607,4653,0,0,0,0,0,0,385554,2425,0,0,311906,1291,0,0,192147,937,0,0
67,67000,0.107516,0.333572,0.553479,8167,1350,5.39552e+06,892485,-25.0158,-22.6229,-99,-99,887919,4566,0,0,0,0,0,0,385579,2328,0,0,310904,1279,0,0,191436,959,0,0
68,68000,0.109086,0.337249,0.557662,7930,1350,5.29531e+06,890915,-25.0158,-22.4622,-99,-99,886180,4735,0,0,0,0,0,0,383071,2391,0,0,311135,1366,0,0,191974,978,0,0
69,69000,0.110534,0.341929,0.561071,7131,1350,5.49363e+06,889467,-25.0158,-22.4622,-99,-99,884607,4860,0,0,0,0,0,0,384082,2451,0,0,309551,1321,0,0,190974,1088,0,0
70,70000,0.112608,0.347227,0.563898,7249,1350,5.71834e+06,887393,-25.0158,-22.6229,-99,-99,882516,4877,0,0,0,0,0,0,381395,2486,0,0,308659,1351,0,0,192462,1040,0,0
71,71000,0.113875,0.350878,0.568685,6664,1388,5.5509e+06,886126,-25.0158,-22.4622,-99,-99,881109,5017,0,0,0,0,0,0,382118,2498,0,0,307563,1401,0,0,191428,1118,0,0
72,72000,0.116138,0.356627,0.572421,7502,1388,5.81496e+06,883863,-25.0158,-22.4622,-99,-99,878917,4946,0,0,0,0,0,0,377989,2442,0,0,307704,1429,0,0,193224,1075,0,0
73,73000,0.117999,0.361414,0.572913,7664,1388,6.0989e+06,882002,-25.0158,-22.4622,-99,-99,876991,5011,0,0,0,0,0,0,378024,2518,0,0,306567,1416,0,0,192400,1077,0,0
74,74000,0.119475,0.364957,0.578063,7510,1388,5.72779e+06,880526,-25.0158,-22.4622,-99,-99,875576,4950,0,0,0,0,0,0,378863,2516,0,0,305443,1405,0,0,191270,1029,0,0
75,75000,0.121067,0.369183,0.580099,7241,1388,6.04475e+06,878934,-25.0158,-22.6229,-99,-99,874040,4894,0,0,0,0,0,0,376709,2499,0,0,305093,1369,0,0,192238,1026,0,0
76,76000,0.122633,0.373755,0.583014,7426,1388,6.55881e+06,877368,-25.0158,-22.4622,-99,-99,872299,5069,0,0,0,0,0,0,375901,2660,0,0,304024,1364,0,0,192374,1045,0,0
77,77000,0.124095,0.376997,0.585833,7089,1388,6.31071e+06,875906,-25.0158,-22.4622,-99,-99,870908,4998,0,0,0,0,0,0,375852,2511,0,0,302440,1372,0,0,192616,1115,0,0
78,78000,0.126485,0.382858,0.589013,7567,1388,6.34089e+06,873516,-25.0158,-22.4622,-99,-99,868426,5090,0,0,0,0,0,0,374941,2515,0,0,300410,1520,0,0,193075,1055,0,0
79,79000,0.128259,0.388095,0.593295,7039,1388,6.52647e+06,871742,-25.0158,-22.4622,-99,-99,866557,5185,0,0,0,0,0,0,375049,2568,0,0,299582,1513,0,0,191926,1104,0,0
80,80000,0.129368,0.391094,0.594527,7324,1388,6.64646e+06,870633,-25.0158,-22.4622,-99,-99,865318,5315,0,0,0,0,0,0,375192,2653,0,0,297545,1543,0,0,192581,1119,0,0
81,81000,0.131811,0.396728,0.597356,7046,1388,6.86938e+06,868190,-25.0158,-22.4622,-99,-99,863000,5190,0,0,0,0,0,0,373699,2529,0,0,297821,1481,0,0,191480,1180,0,0
82,82000,0.133766,0.401096,0.598458,7632,1388,6.64277e+06,866235,-25.0158,-22.4622,-99,-99,860868,5367,0,0,0,0,0,0,372670,2736,0,0,295806,1536,0,0,192392,1095,0,0
83,83000,0.134943,0.404096,0.603615,7251,1388,6.70946e+06,865058,-25.0158,-22.4622,-99,-99,859756,5302,0,0,0,0,0,0,371760,2737,0,0,294893,1470,0,0,193103,1095,0,0
84,84000,0.136496,0.407871,0.607412,7260,1388,6.9121e+06,863505,-25.0158,-22.4622,-99,-99,857929,5576,0,0,0,0,0,0,372354,2791,0,0,294899,1523,0,0,190676,1262,0,0
85,85000,0.138367,0.412617,0.607163,7135,1388,6.98153e+06,861634,-25.0158,-22.4622,-99,-99,856137,5497,0,0,0,0,0,0,371283,2836,0,0,292688,1445,0,0,192166,1216,0,0
86,86000,0.139088,0.413595,0.61173,7623,1388,7.2539e+06,860913,-25.0158,-22.4622,-99,-99,855163,5750,0,0,0,0,0,0,371524,3079,0,0,292098,1522,0,0,191541,1149,0,0
87,87000,0.141309,0.419402,0.61346,7967,1388,7.31929e+06,858692,-25.0158,-22.4622,-99,-99,852949,5743,0,0,0,0,0,0,370336,2922,0,0,292034,1550,0,0,190579,1271,0,0
88,88000,0.142648,0.422705,0.618045,7685,1388,7.67913e+06,857353,-25.0158,-22.4622,-99,-99,851356,5997,0,0,0,0,0,0,369368,3142,0,0,291195,1680,0,0,190793,1175,0,0
89,89000,0.143368,0.424402,0.618461,8091,1388,7.48547e+06,856633,-25.0158,-22.4622,-99,-99,850425,6208,0,0,0,0,0,0,368751,3298,0,0,291412,1681,0,0,190262,1229,0,0
90,90000,0.146363,0.431424,0.621185,7897,1388,7.76719e+06,853638,-25.0158,-22.4622,-99,-99,847565,6073,0,0,0,0,0,0,368158,3202,0,0,289712,1556,0,0,189695,1315,0,0
91,91000,0.147582,0.434061,0.62524,8073,1388,7.66504e+06,852419,-25.0158,-22.4622,-99,-99,845964,6455,0,0,0,0,0,0,367360,3444,0,0,288201,1695,0,0,190403,1316,0,0
92,92000,0.149166,0.437934,0.627693,7961,1388,7.8103e+06,850835,-25.0158,-22.4622,-99,-99,844333,6502,0,0,0,0,0,0,367432,3389,0,0,287046,1746,0,0,189855,1367,0,0
93,93000,0.150105,0.439726,0.630312,8593,1388,7.89109e+06,849896,-25.0158,-22.4622,-99,-99,843032,6864,0,0,0,0,0,0,367359,3633,0,0,287030,1751,0,0,188643,1480,0,0
94,94000,0.152095,0.443675,0.633497,8830,1388,8.12362e+06,847906,-25.0158,-22.4622,-99,-99,840816,7090,0,0,0,0,0,0,366346,3769,0,0,285548,1787,0,0,188922,1534,0,0
95,95000,0.153422,0.447242,0.635602,8882,1388,8.16841e+06,846579,-25.0158,-22.4622,-99,-99,839586,6993,0,0,0,0,0,0,366076,3649,0,0,285362,1908,0,0,188148,1436,0,0
96,96000,0.155097,0.450296,0.63958,9129,1388,8.4467e+06,844904,-25.0158,-22.4622,-99,-99,837796,7108,0,0,0,0,0,0,365121,3690,0,0,285301,1985,0,0,187374,1433,0,0
97,97000,0.156866,0.454764,0.641346,9273,1388,8.28446e+06,843135,-25.0158,-22.4622,-99,-99,835966,7169,0,0,0,0,0,0,364153,3708,0,0,284719,2012,0,0,187094,1449,0,0
98,98000,0.158009,0.456989,0.645449,9471,1388,8.23452e+06,841992,-25.0158,-22.4622,-99,-99,834624,7368,0,0,0,0,0,0,364023,3781,0,0,283156,1949,0,0,187445,1638,0,0
99,99000,0.15912,0.458869,0.647935,9195,1388,8.39346e+06,840881,-25.0158,-22.4622,-99,-99,833200,7681,0,0,0,0,0,0,364990,3961,0,0,282271,2097,0,0,185939,1623,0,0
100,100000,0.160344,0.461125,0.649993,10005,1388,8.66483e+06,839657,-25.0158,-22.4622,-99,-99,831864,7793,0,0,0,0,0,0,362194,4053,0,0,283812,2081,0,0,185858,1659,0,0
