erlang_index,erlang,general_blocking,Total_current_utilization,BBP,modulaciones_usadas_en_banda_E_con_16QAM,modulaciones_usadas_en_banda_E_con_8QAM,modulaciones_usadas_en_banda_E_con_QPSK,modulaciones_usadas_en_banda_E_con_BPSK,modulaciones_usadas_en_banda_S_con_16QAM,modulaciones_usadas_en_banda_S_con_8QAM,modulaciones_usadas_en_banda_S_con_QPSK,modulaciones_usadas_en_banda_S_con_BPSK,modulaciones_usadas_en_banda_L_con_16QAM,modulaciones_usadas_en_banda_L_con_8QAM,modulaciones_usadas_en_banda_L_con_QPSK,modulaciones_usadas_en_banda_L_con_BPSK,modulaciones_usadas_en_banda_C_con_16QAM,modulaciones_usadas_en_banda_C_con_8QAM,modulaciones_usadas_en_banda_C_con_QPSK,modulaciones_usadas_en_banda_C_con_BPSK
0,1000,0.225028,0.54127,61.4222,0,0,0,0,6600,9076,114554,977,173975,148524,25526,0,43813,133942,117845,141
1,2000,0.336513,0.679611,39.3518,0,0,0,0,7714,13807,81630,2400,140636,126664,27303,0,33602,117302,112251,179
2,3000,0.421786,0.743806,29.8337,0,0,0,0,8761,11995,64261,5510,120506,103481,31830,0,30062,110459,90558,792
3,4000,0.484161,0.783494,24.3078,0,0,0,0,9456,10711,55030,7189,107678,86880,31066,0,28432,105606,72380,1412
4,5000,0.533706,0.81168,20.5879,0,0,0,0,9681,10878,48572,6715,99165,74827,27830,0,27525,100143,59517,1441
5,6000,0.574651,0.833024,17.8431,0,0,0,0,9504,11351,44709,5511,92228,65822,24432,0,27155,93260,50102,1275
6,7000,0.608827,0.84996,15.7443,0,0,0,0,9308,11794,40042,4652,86014,58774,21345,0,27904,86774,43306,1260
7,8000,0.63754,0.862937,14.1369,0,0,0,0,9062,11584,35708,4163,81293,53475,18854,0,28446,81028,37360,1487
8,9000,0.661493,0.874737,12.7762,0,0,0,0,8804,11281,31981,3855,76563,49068,16921,0,29105,76180,33213,1536
9,10000,0.682318,0.884053,11.6673,0,0,0,0,8732,10837,28815,3589,72779,45513,15211,0,29583,71479,29602,1542
10,11000,0.699235,0.892554,10.7588,0,0,0,0,8624,10884,26747,3337,69225,42247,14048,0,29916,67743,26320,1674
11,12000,0.715231,0.898807,9.99245,0,0,0,0,8662,10452,24200,3183,65723,40272,12673,0,30387,63670,24005,1542
12,13000,0.728382,0.90503,9.32485,0,0,0,0,8488,10511,22457,3090,62695,37508,11851,0,30632,61211,21604,1571
13,14000,0.741031,0.910507,8.7365,0,0,0,0,8219,10313,21146,2891,59780,35036,10956,0,30927,58127,20024,1550
14,15000,0.751864,0.91534,8.20628,0,0,0,0,8624,9889,19855,2892,56885,33311,9773,0,30982,56232,18427,1266
15,16000,0.761679,0.919364,7.75717,0,0,0,0,8472,9784,18430,2733,54135,31796,9253,0,31406,54187,16887,1238
16,17000,0.771038,0.923474,7.3463,0,0,0,0,8146,9395,17453,2646,52121,29975,8712,0,31440,52222,15661,1191
17,18000,0.778983,0.926749,6.98318,0,0,0,0,8149,8941,16611,2583,50034,28392,8200,0,31807,50956,14295,1049
18,19000,0.786445,0.929948,6.67199,0,0,0,0,8325,8805,15985,2484,47811,27178,7648,0,31703,49071,13630,915
19,20000,0.793523,0.932795,6.36854,0,0,0,0,8456,8463,14981,2302,45743,26054,7186,0,32154,47749,12557,832
20,21000,0.800186,0.935514,6.07593,0,0,0,0,8456,7971,14540,2307,43889,25196,6874,0,31884,46120,11898,679
21,22000,0.806231,0.937574,5.85236,0,0,0,0,8110,8125,13739,2308,42550,24132,6546,0,31760,44845,11041,613
22,23000,0.812025,0.940175,5.5847,0,0,0,0,8391,7369,13277,2119,41161,23020,6209,0,31153,44476,10300,500
23,24000,0.816905,0.942168,5.39395,0,0,0,0,8286,7717,12839,1976,39748,22212,6024,0,31136,43016,9659,482
24,25000,0.821869,0.943697,5.21017,0,0,0,0,8451,7321,12216,1957,38580,21550,5467,0,31081,41925,9159,424
25,26000,0.826375,0.945975,5.02069,0,0,0,0,8758,7353,11967,1908,37082,20740,5151,0,30765,40742,8769,390
26,27000,0.830711,0.947621,4.85919,0,0,0,0,8632,7442,11575,1761,35804,20227,4967,0,30555,39748,8234,344
27,28000,0.834933,0.948427,4.71379,0,0,0,0,8754,7540,10946,1571,34690,19862,4833,0,30477,37966,8135,293
28,29000,0.838434,0.949863,4.58602,0,0,0,0,8978,7621,10755,1539,33554,18865,4896,0,30131,37495,7433,299
29,30000,0.842389,0.950995,4.44159,0,0,0,0,9132,7570,10264,1451,32683,18786,4282,0,29688,36362,7150,243
30,31000,0.846222,0.952666,4.29588,0,0,0,0,8894,7731,10038,1215,31460,18187,4347,0,29292,35706,6726,182
31,32000,0.849224,0.953934,4.18938,0,0,0,0,9237,7787,9408,1151,31053,17509,4151,0,29041,34700,6549,190
32,33000,0.852549,0.955105,4.06075,0,0,0,0,9086,8096,8954,1030,30062,17327,3826,0,28605,33920,6360,185
33,34000,0.855926,0.956214,3.94694,0,0,0,0,9339,7887,8552,979,29151,17008,3861,0,28132,33082,5943,140
34,35000,0.858691,0.957208,3.85582,0,0,0,0,9428,8234,8559,864,28201,16301,3534,0,27775,32358,5872,183
35,36000,0.861778,0.958268,3.75554,0,0,0,0,9252,8091,8223,872,27814,15974,3562,0,27430,31337,5510,157
36,37000,0.864693,0.959313,3.65896,0,0,0,0,9546,7740,7801,792,27052,15705,3422,0,26670,31050,5403,126
37,38000,0.867098,0.960387,3.56026,0,0,0,0,9598,7833,7977,629,26819,15339,3245,0,26043,30140,5174,105
38,39000,0.869881,0.960927,3.4878,0,0,0,0,9277,7845,7687,684,26083,14881,3336,0,25839,29246,5127,114
39,40000,0.87287,0.962256,3.38042,0,0,0,0,9383,7757,7222,639,25163,14656,3123,0,25708,28264,5098,117
40,41000,0.875077,0.962874,3.31574,0,0,0,0,9698,7572,7243,562,24519,14410,2979,0,24932,27989,4887,132
41,42000,0.877279,0.963396,3.25448,0,0,0,0,9428,7501,6989,506,24511,13967,2916,0,24767,27328,4704,104
42,43000,0.879731,0.964346,3.17433,0,0,0,0,9563,7603,6698,379,23464,13645,2848,0,24215,27104,4663,87
43,44000,0.881839,0.964728,3.12239,0,0,0,0,9599,7465,6653,438,23199,13639,2771,0,23839,25931,4534,93
44,45000,0.884188,0.965548,3.06173,0,0,0,0,9551,7417,6248,498,22496,13274,2642,0,23249,25959,4392,86
45,46000,0.886173,0.966318,2.99479,0,0,0,0,9497,7082,6368,457,22160,13057,2711,0,23016,25081,4301,97
46,47000,0.888223,0.966514,2.94473,0,0,0,0,9488,7259,6260,338,21811,12742,2625,0,22414,24635,4129,76
47,48000,0.890344,0.967339,2.88093,0,0,0,0,9389,6985,6021,326,21204,12361,2639,0,22223,24214,4224,70
48,49000,0.892238,0.968307,2.81471,0,0,0,0,9247,7120,5866,325,20866,12229,2461,0,21892,23653,4030,73
49,50000,0.89406,0.968277,2.78362,0,0,0,0,9078,6795,5668,308,20517,12317,2401,0,21414,23562,3806,74
50,51000,0.895699,0.969482,2.70703,0,0,0,0,9327,6813,5443,242,20040,11850,2378,0,21226,23049,3855,78
51,52000,0.897764,0.969753,2.66483,0,0,0,0,9098,6675,5572,278,19663,11486,2375,0,20725,22480,3805,79
52,53000,0.899373,0.970331,2.60917,0,0,0,0,8758,6660,5590,294,19288,11586,2220,0,20555,21985,3600,91
53,54000,0.900686,0.970431,2.58402,0,0,0,0,8817,6496,5351,214,19195,11501,2119,0,19933,21905,3719,64
54,55000,0.902581,0.971169,2.53181,0,0,0,0,8936,6310,5308,240,18658,11267,2130,0,19649,21263,3581,77
55,56000,0.904279,0.971814,2.48492,0,0,0,0,8691,6141,5268,279,18424,10801,2206,0,19287,20949,3616,59
56,57000,0.905932,0.972195,2.44185,0,0,0,0,8480,6196,4938,253,17790,10825,2159,0,19306,20541,3511,69
57,58000,0.907257,0.972747,2.40552,0,0,0,0,8317,6182,4958,248,17812,10547,2111,0,18720,20418,3355,75
58,59000,0.908622,0.972783,2.38351,0,0,0,0,8220,6125,4693,230,17656,10617,2024,0,18609,19817,3325,62
59,60000,0.910038,0.973359,2.3311,0,0,0,0,8176,6053,4793,220,17217,10466,1945,0,18259,19517,3239,77
60,61000,0.911227,0.973804,2.29732,0,0,0,0,8195,5673,4829,214,16849,10192,1992,0,18142,19497,3129,61
61,62000,0.912796,0.974417,2.25572,0,0,0,0,7878,5724,4682,231,16832,9984,1921,0,17676,18945,3260,71
62,63000,0.913965,0.974575,2.22544,0,0,0,0,7939,5698,4749,217,16340,9915,1846,0,17445,18672,3160,54
63,64000,0.91536,0.975149,2.18559,0,0,0,0,7951,5689,4436,190,16028,9593,1830,0,17005,18838,3016,64
64,65000,0.9164,0.975369,2.15754,0,0,0,0,7817,5437,4429,206,16012,9638,1823,0,16772,18421,2984,61
65,66000,0.917391,0.975525,2.1445,0,0,0,0,7781,5401,4339,192,15735,9552,1807,0,16669,18009,3065,59
66,67000,0.918766,0.975989,2.10818,0,0,0,0,7715,5244,4301,208,15435,9325,1790,0,16389,17739,3024,64
67,68000,0.919744,0.976436,2.07481,0,0,0,0,7657,5253,4307,190,15289,9304,1731,0,16144,17389,2946,46
68,69000,0.920847,0.976711,2.04398,0,0,0,0,7432,5214,4151,193,14940,9077,1879,0,16041,17262,2916,48
69,70000,0.92187,0.976747,2.02538,0,0,0,0,7452,5044,4287,168,14926,9172,1636,0,15797,16627,2968,53
70,71000,0.922902,0.977304,1.99615,0,0,0,0,7336,5102,4062,202,14199,9079,1654,0,15773,16825,2806,60
71,72000,0.92399,0.97759,1.96476,0,0,0,0,7166,5089,3976,206,14321,8987,1669,0,15426,16309,2788,73
72,73000,0.924856,0.977872,1.94261,0,0,0,0,7127,5037,3959,165,14213,8678,1595,0,15106,16500,2706,58
73,74000,0.926036,0.977889,1.92832,0,0,0,0,7038,5105,3816,168,13669,8443,1688,0,14990,16295,2694,58
74,75000,0.927305,0.978951,1.87516,0,0,0,0,6984,4780,3881,147,13960,8412,1551,0,14601,15610,2694,75
75,76000,0.927958,0.978592,1.87466,0,0,0,0,6732,4897,3815,145,13596,8277,1540,0,14664,15615,2697,64
76,77000,0.928712,0.978852,1.84701,0,0,0,0,6622,4812,3708,144,13380,8226,1572,0,14600,15499,2655,70
77,78000,0.92957,0.978995,1.83418,0,0,0,0,6761,4776,3778,124,13159,8097,1511,0,14321,15240,2609,54
78,79000,0.930501,0.979455,1.80564,0,0,0,0,6478,4640,3611,204,13488,7869,1665,0,13935,15045,2501,63
79,80000,0.931235,0.979644,1.78999,0,0,0,0,6631,4681,3608,143,13052,7864,1554,0,13635,14965,2576,56
80,81000,0.932132,0.97996,1.75762,0,0,0,0,6559,4483,3465,171,12728,7863,1555,0,13552,14908,2536,48
81,82000,0.932726,0.979979,1.75419,0,0,0,0,6311,4646,3574,143,12466,7671,1518,0,13855,14598,2441,51
82,83000,0.933494,0.980078,1.74237,0,0,0,0,6248,4490,3492,144,12362,7622,1505,0,13514,14586,2470,73
83,84000,0.934385,0.980446,1.71245,0,0,0,0,6334,4392,3350,176,12514,7505,1463,0,12936,14446,2443,56
84,85000,0.935355,0.980643,1.70354,0,0,0,0,6266,4347,3245,134,12075,7551,1477,0,12945,14044,2493,68
85,86000,0.936065,0.980954,1.66715,0,0,0,0,6097,4261,3292,152,12075,7395,1408,0,12834,14044,2315,62
86,87000,0.936342,0.981001,1.66519,0,0,0,0,6068,4390,3211,136,12072,7343,1395,0,12707,13861,2412,63
87,88000,0.93694,0.981446,1.63669,0,0,0,0,6029,4386,3326,140,11920,7354,1392,0,12681,13503,2269,60
88,89000,0.937595,0.981565,1.6241,0,0,0,0,5772,4150,3261,149,11608,7365,1409,0,12601,13737,2286,67
89,90000,0.9384,0.981675,1.60795,0,0,0,0,5788,4124,3210,137,11810,7200,1340,0,12272,13425,2233,61
90,91000,0.939218,0.981824,1.591,0,0,0,0,5839,4166,3195,152,11457,6874,1476,0,12013,13353,2206,51
91,92000,0.940152,0.982289,1.56125,0,0,0,0,5462,4354,3081,120,11147,6833,1316,0,12270,12934,2268,63
92,93000,0.940211,0.981939,1.57472,0,0,0,0,5722,3945,3157,131,11162,7000,1280,0,11977,13111,2242,62
93,94000,0.940809,0.982398,1.55191,0,0,0,0,5603,4154,3072,146,11081,6698,1339,0,11989,12808,2233,68
94,95000,0.941395,0.982593,1.52883,0,0,0,0,5632,3993,3001,145,11079,6798,1336,0,11629,12764,2179,49
95,96000,0.941976,0.98261,1.52499,0,0,0,0,5523,3991,3114,144,10761,6662,1198,0,11858,12687,2025,61
96,97000,0.942665,0.98269,1.51713,0,0,0,0,5620,3887,3018,122,10646,6562,1229,0,11453,12690,2046,62
97,98000,0.943411,0.983224,1.48175,0,0,0,0,5340,3883,2879,160,10398,6348,1270,0,11660,12428,2172,51
98,99000,0.943683,0.983269,1.47161,0,0,0,0,5399,3778,2981,130,10583,6583,1255,0,11366,12139,2053,50
99,100000,0.944464,0.983589,1.45661,0,0,0,0,5143,3935,2916,143,10303,6417,1234,0,11187,12210,1993,55
