erlang_index,erlang,general_blocking,Total_current_utilization,BBP,modulaciones_usadas_en_banda_E_con_16QAM,modulaciones_usadas_en_banda_E_con_8QAM,modulaciones_usadas_en_banda_E_con_QPSK,modulaciones_usadas_en_banda_E_con_BPSK,modulaciones_usadas_en_banda_S_con_16QAM,modulaciones_usadas_en_banda_S_con_8QAM,modulaciones_usadas_en_banda_S_con_QPSK,modulaciones_usadas_en_banda_S_con_BPSK,modulaciones_usadas_en_banda_L_con_16QAM,modulaciones_usadas_en_banda_L_con_8QAM,modulaciones_usadas_en_banda_L_con_QPSK,modulaciones_usadas_en_banda_L_con_BPSK,modulaciones_usadas_en_banda_C_con_16QAM,modulaciones_usadas_en_banda_C_con_8QAM,modulaciones_usadas_en_banda_C_con_QPSK,modulaciones_usadas_en_banda_C_con_BPSK
0,1000,0,0,98.2791,0,0,0,0,492681,0,0,0,499821,0,0,0,7499,0,0,0
1,2000,0.00740299,0.023125,94.8856,0,0,0,0,450909,0,0,0,512358,0,0,0,29331,0,0,0
2,3000,0.039601,0.121422,82.3061,0,0,0,0,418146,0,0,0,497876,0,0,0,44378,0,0,0
3,4000,0.0746469,0.222159,71.0259,0,0,0,0,395840,0,0,0,482508,0,0,0,47006,0,0,0
4,5000,0.1049,0.296627,62.7122,0,0,0,0,380089,0,0,0,470057,0,0,0,44955,0,0,0
5,6000,0.129201,0.351217,56.6776,0,0,0,0,363428,0,0,0,457602,0,0,0,49770,0,0,0
6,7000,0.149018,0.392922,52.1301,0,0,0,0,347174,0,0,0,445741,0,0,0,58068,0,0,0
7,8000,0.166958,0.428606,48.3719,0,0,0,0,333958,0,0,0,432384,0,0,0,66701,0,0,0
8,9000,0.185245,0.461206,45.0976,0,0,0,0,323306,0,0,0,418186,0,0,0,73264,0,0,0
9,10000,0.203293,0.491313,42.0799,0,0,0,0,313139,0,0,0,405518,0,0,0,78051,0,0,0
10,11000,0.219119,0.517654,39.5942,0,0,0,0,303431,0,0,0,393550,0,0,0,83901,0,0,0
11,12000,0.23382,0.540553,37.3994,0,0,0,0,293540,0,0,0,384378,0,0,0,88263,0,0,0
12,13000,0.247802,0.562022,35.3962,0,0,0,0,284813,0,0,0,375403,0,0,0,91983,0,0,0
13,14000,0.259906,0.579705,33.7818,0,0,0,0,279034,0,0,0,367456,0,0,0,93605,0,0,0
14,15000,0.273445,0.595891,32.2225,0,0,0,0,272944,0,0,0,360707,0,0,0,92905,0,0,0
15,16000,0.286607,0.609538,30.9133,0,0,0,0,267014,0,0,0,355329,0,0,0,91051,0,0,0
16,17000,0.300956,0.622414,29.6297,0,0,0,0,259351,0,0,0,349592,0,0,0,90102,0,0,0
17,18000,0.317349,0.633561,28.3735,0,0,0,0,251227,0,0,0,342946,0,0,0,88479,0,0,0
18,19000,0.332762,0.643596,27.2402,0,0,0,0,244135,0,0,0,336798,0,0,0,86306,0,0,0
19,20000,0.347604,0.652286,26.2159,0,0,0,0,236831,0,0,0,329423,0,0,0,86143,0,0,0
20,21000,0.360385,0.659394,25.3658,0,0,0,0,231195,0,0,0,323520,0,0,0,84901,0,0,0
21,22000,0.37308,0.666924,24.5084,0,0,0,0,225002,0,0,0,317761,0,0,0,84158,0,0,0
22,23000,0.385146,0.674863,23.6809,0,0,0,0,219115,0,0,0,312265,0,0,0,83475,0,0,0
23,24000,0.396,0.682105,22.9222,0,0,0,0,214917,0,0,0,306502,0,0,0,82582,0,0,0
24,25000,0.406896,0.688439,22.2193,0,0,0,0,209965,0,0,0,301403,0,0,0,81737,0,0,0
25,26000,0.416402,0.694415,21.6262,0,0,0,0,205502,0,0,0,297123,0,0,0,80974,0,0,0
26,27000,0.425485,0.699957,21.0223,0,0,0,0,202136,0,0,0,292110,0,0,0,80270,0,0,0
27,28000,0.43439,0.704899,20.5074,0,0,0,0,197934,0,0,0,287535,0,0,0,80142,0,0,0
28,29000,0.44236,0.711961,19.8896,0,0,0,0,195074,0,0,0,282771,0,0,0,79796,0,0,0
29,30000,0.449608,0.715434,19.5067,0,0,0,0,192454,0,0,0,279663,0,0,0,78276,0,0,0
30,31000,0.457043,0.720077,19.022,0,0,0,0,189957,0,0,0,275266,0,0,0,77735,0,0,0
31,32000,0.464374,0.725124,18.5653,0,0,0,0,186873,0,0,0,271274,0,0,0,77480,0,0,0
32,33000,0.470451,0.729077,18.2001,0,0,0,0,184981,0,0,0,267545,0,0,0,77024,0,0,0
33,34000,0.477355,0.733753,17.774,0,0,0,0,182621,0,0,0,264084,0,0,0,75941,0,0,0
34,35000,0.483272,0.738003,17.4008,0,0,0,0,180530,0,0,0,260426,0,0,0,75773,0,0,0
35,36000,0.489975,0.741854,17.0278,0,0,0,0,176967,0,0,0,257556,0,0,0,75503,0,0,0
36,37000,0.49578,0.745749,16.6942,0,0,0,0,175483,0,0,0,254156,0,0,0,74582,0,0,0
37,38000,0.500979,0.749171,16.3757,0,0,0,0,173788,0,0,0,250698,0,0,0,74535,0,0,0
38,39000,0.506638,0.753045,16.0428,0,0,0,0,171835,0,0,0,247664,0,0,0,73863,0,0,0
39,40000,0.511649,0.756407,15.7591,0,0,0,0,170027,0,0,0,244462,0,0,0,73862,0,0,0
40,41000,0.516676,0.759096,15.4961,0,0,0,0,168047,0,0,0,241649,0,0,0,73628,0,0,0
41,42000,0.521034,0.762269,15.2551,0,0,0,0,166046,0,0,0,239315,0,0,0,73605,0,0,0
42,43000,0.526385,0.765299,14.9646,0,0,0,0,165015,0,0,0,236083,0,0,0,72517,0,0,0
43,44000,0.531304,0.768812,14.6864,0,0,0,0,163042,0,0,0,233346,0,0,0,72308,0,0,0
44,45000,0.535768,0.771298,14.4669,0,0,0,0,161268,0,0,0,230858,0,0,0,72106,0,0,0
45,46000,0.539685,0.773028,14.2697,0,0,0,0,160034,0,0,0,228424,0,0,0,71857,0,0,0
46,47000,0.544265,0.77661,14.0201,0,0,0,0,158083,0,0,0,225637,0,0,0,72015,0,0,0
47,48000,0.548723,0.780174,13.7688,0,0,0,0,156028,0,0,0,223415,0,0,0,71834,0,0,0
48,49000,0.55227,0.781735,13.602,0,0,0,0,154382,0,0,0,221281,0,0,0,72067,0,0,0
49,50000,0.555894,0.78253,13.4838,0,0,0,0,153417,0,0,0,219299,0,0,0,71390,0,0,0
50,51000,0.560331,0.786542,13.2317,0,0,0,0,151878,0,0,0,217002,0,0,0,70789,0,0,0
51,52000,0.564306,0.789079,13.0346,0,0,0,0,150864,0,0,0,214337,0,0,0,70493,0,0,0
52,53000,0.567668,0.790798,12.8953,0,0,0,0,149774,0,0,0,212277,0,0,0,70281,0,0,0
53,54000,0.570886,0.793332,12.7117,0,0,0,0,148484,0,0,0,210223,0,0,0,70407,0,0,0
54,55000,0.574338,0.795606,12.5415,0,0,0,0,147454,0,0,0,208242,0,0,0,69966,0,0,0
55,56000,0.578231,0.798127,12.3491,0,0,0,0,145684,0,0,0,206683,0,0,0,69402,0,0,0
56,57000,0.581259,0.799137,12.2236,0,0,0,0,144609,0,0,0,204917,0,0,0,69215,0,0,0
57,58000,0.58468,0.802117,12.0476,0,0,0,0,143394,0,0,0,202917,0,0,0,69009,0,0,0
58,59000,0.587935,0.803595,11.9033,0,0,0,0,142817,0,0,0,200969,0,0,0,68279,0,0,0
59,60000,0.591661,0.806512,11.7234,0,0,0,0,141035,0,0,0,199982,0,0,0,67322,0,0,0
60,61000,0.593741,0.807829,11.6225,0,0,0,0,141115,0,0,0,198012,0,0,0,67132,0,0,0
61,62000,0.597341,0.810282,11.4557,0,0,0,0,139878,0,0,0,196378,0,0,0,66403,0,0,0
62,63000,0.600156,0.81244,11.3102,0,0,0,0,138586,0,0,0,194990,0,0,0,66268,0,0,0
63,64000,0.602862,0.813636,11.2015,0,0,0,0,137871,0,0,0,192982,0,0,0,66285,0,0,0
64,65000,0.605996,0.815747,11.0584,0,0,0,0,136777,0,0,0,191426,0,0,0,65801,0,0,0
65,66000,0.608626,0.817212,10.9508,0,0,0,0,135994,0,0,0,189781,0,0,0,65599,0,0,0
66,67000,0.611944,0.81896,10.8123,0,0,0,0,134607,0,0,0,188845,0,0,0,64604,0,0,0
67,68000,0.613826,0.820782,10.7134,0,0,0,0,134400,0,0,0,187609,0,0,0,64165,0,0,0
68,69000,0.616792,0.822541,10.5779,0,0,0,0,133216,0,0,0,186067,0,0,0,63925,0,0,0
69,70000,0.619947,0.82386,10.4701,0,0,0,0,132698,0,0,0,183963,0,0,0,63392,0,0,0
70,71000,0.622558,0.82629,10.3443,0,0,0,0,131544,0,0,0,183107,0,0,0,62791,0,0,0
71,72000,0.62438,0.827315,10.2562,0,0,0,0,131466,0,0,0,181610,0,0,0,62544,0,0,0
72,73000,0.627394,0.829184,10.1146,0,0,0,0,130307,0,0,0,180411,0,0,0,61888,0,0,0
73,74000,0.629238,0.830416,10.0604,0,0,0,0,129020,0,0,0,179259,0,0,0,62483,0,0,0
74,75000,0.631698,0.831803,9.94402,0,0,0,0,128609,0,0,0,177555,0,0,0,62138,0,0,0
75,76000,0.63449,0.833817,9.8153,0,0,0,0,127751,0,0,0,176653,0,0,0,61106,0,0,0
76,77000,0.636416,0.835848,9.70299,0,0,0,0,127412,0,0,0,175309,0,0,0,60863,0,0,0
77,78000,0.638434,0.83659,9.65619,0,0,0,0,126780,0,0,0,174401,0,0,0,60385,0,0,0
78,79000,0.640799,0.83695,9.57417,0,0,0,0,125174,0,0,0,173467,0,0,0,60560,0,0,0
79,80000,0.643577,0.838911,9.45773,0,0,0,0,124763,0,0,0,171965,0,0,0,59695,0,0,0
80,81000,0.645525,0.840064,9.38459,0,0,0,0,123918,0,0,0,170722,0,0,0,59835,0,0,0
81,82000,0.64684,0.841661,9.28725,0,0,0,0,123468,0,0,0,170583,0,0,0,59109,0,0,0
82,83000,0.648793,0.842529,9.21344,0,0,0,0,122858,0,0,0,169205,0,0,0,59144,0,0,0
83,84000,0.651084,0.843905,9.12932,0,0,0,0,121993,0,0,0,168062,0,0,0,58861,0,0,0
84,85000,0.652886,0.844622,9.06464,0,0,0,0,121738,0,0,0,166395,0,0,0,58981,0,0,0
85,86000,0.654984,0.846011,8.96437,0,0,0,0,120257,0,0,0,166244,0,0,0,58515,0,0,0
86,87000,0.657182,0.847313,8.88598,0,0,0,0,119940,0,0,0,165206,0,0,0,57672,0,0,0
87,88000,0.658743,0.848656,8.81505,0,0,0,0,119903,0,0,0,164005,0,0,0,57349,0,0,0
88,89000,0.660865,0.849628,8.73165,0,0,0,0,118582,0,0,0,163205,0,0,0,57348,0,0,0
89,90000,0.662428,0.851213,8.64459,0,0,0,0,117924,0,0,0,162629,0,0,0,57019,0,0,0
90,91000,0.664238,0.852177,8.58859,0,0,0,0,117638,0,0,0,161585,0,0,0,56539,0,0,0
91,92000,0.666334,0.852752,8.5286,0,0,0,0,117033,0,0,0,160572,0,0,0,56061,0,0,0
92,93000,0.668179,0.854753,8.42669,0,0,0,0,116587,0,0,0,159370,0,0,0,55864,0,0,0
93,94000,0.669932,0.855019,8.37505,0,0,0,0,115783,0,0,0,158581,0,0,0,55704,0,0,0
94,95000,0.671733,0.855667,8.3211,0,0,0,0,115541,0,0,0,157656,0,0,0,55070,0,0,0
95,96000,0.673057,0.85755,8.22823,0,0,0,0,115056,0,0,0,156912,0,0,0,54975,0,0,0
96,97000,0.674556,0.857817,8.20162,0,0,0,0,114230,0,0,0,155947,0,0,0,55267,0,0,0
97,98000,0.676108,0.858758,8.13077,0,0,0,0,113511,0,0,0,155545,0,0,0,54836,0,0,0
98,99000,0.677928,0.859837,8.06158,0,0,0,0,112901,0,0,0,154178,0,0,0,54993,0,0,0
99,100000,0.679467,0.861149,7.98843,0,0,0,0,112084,0,0,0,153533,0,0,0,54916,0,0,0
