erlang_index,erlang,general_blocking,BBP,Total_current_utilization,Blocked_by_XT,Ruta_mas_larga,tiempo_transcurrido,conexiones_exitosas,Max_XT_for_modulation_16QAM,Max_XT_for_modulation_8QAM,Max_XT_for_modulation_QPSK,Max_XT_for_modulation_BPSK,conexiones_exitosas_con_16QAM,conexiones_exitosas_con_8QAM,conexiones_exitosas_con_QPSK,conexiones_exitosas_con_BPSK,modulaciones_usadas_en_banda_E_con_16QAM,modulaciones_usadas_en_banda_E_con_8QAM,modulaciones_usadas_en_banda_E_con_QPSK,modulaciones_usadas_en_banda_E_con_BPSK,modulaciones_usadas_en_banda_S_con_16QAM,modulaciones_usadas_en_banda_S_con_8QAM,modulaciones_usadas_en_banda_S_con_QPSK,modulaciones_usadas_en_banda_S_con_BPSK,modulaciones_usadas_en_banda_L_con_16QAM,modulaciones_usadas_en_banda_L_con_8QAM,modulaciones_usadas_en_banda_L_con_QPSK,modulaciones_usadas_en_banda_L_con_BPSK,modulaciones_usadas_en_banda_C_con_16QAM,modulaciones_usadas_en_banda_C_con_8QAM,modulaciones_usadas_en_banda_C_con_QPSK,modulaciones_usadas_en_banda_C_con_BPSK
1,1000,0,0,0.126878,0,9700,82151.3,1000001,-28.4157,-24.893,-22.348,-99,345590,412465,241946,0,0,0,0,0,0,0,0,0,0,0,0,0,345590,412465,241946,0
2,2000,0.000164,0.000513904,0.249811,57,9700,138596,999837,-25.4047,-21.0757,-18.5776,-14.3597,345862,414569,237226,2180,0,0,0,0,0,0,0,0,0,0,0,0,345862,414569,237226,2180
3,3000,0.027327,0.0856066,0.307337,4699,9700,194302,972674,-25.4047,-21.0757,-18.5326,-14.3597,345167,408007,219055,445,0,0,0,0,0,0,0,0,0,0,0,0,345167,408007,219055,445
4,4000,0.0522339,0.16324,0.358455,7568,10000,246023,947767,-25.4047,-21.0757,-18.5326,-14.3597,342256,397593,207585,333,0,0,0,0,0,0,0,0,0,0,0,0,342256,397593,207585,333
5,5000,0.0754619,0.234813,0.393961,9928,10000,291247,924539,-25.4047,-21.0757,-18.5326,-14.3597,338191,384858,201182,308,0,0,0,0,0,0,0,0,0,0,0,0,338191,384858,201182,308
6,6000,0.0925719,0.285977,0.423295,10840,10000,327318,907429,-25.4047,-21.0757,-18.5326,-14.3597,334538,375239,197225,427,0,0,0,0,0,0,0,0,0,0,0,0,334538,375239,197225,427
7,7000,0.10625,0.323725,0.457556,12036,10000,378218,893751,-25.4047,-21.0757,-18.5326,-14.3099,331544,367745,193830,632,0,0,0,0,0,0,0,0,0,0,0,0,331544,367745,193830,632
8,8000,0.117757,0.352629,0.489533,14567,10300,405485,882244,-25.4047,-21.0757,-18.5326,-14.1639,329230,361597,190297,1120,0,0,0,0,0,0,0,0,0,0,0,0,329230,361597,190297,1120
9,9000,0.127929,0.376228,0.525266,18265,10300,456957,872072,-25.3155,-21.0757,-18.5326,-14.1639,326574,356550,186724,2224,0,0,0,0,0,0,0,0,0,0,0,0,326574,356550,186724,2224
10,10000,0.139092,0.399388,0.550296,21852,10300,511981,860909,-25.2275,-21.0757,-18.5326,-14.1639,323815,351111,182995,2988,0,0,0,0,0,0,0,0,0,0,0,0,323815,351111,182995,2988
11,11000,0.150763,0.421977,0.575544,26532,12700,553511,849238,-25.2275,-21.0757,-18.5024,-14.1639,320635,345811,179960,2832,0,0,0,0,0,0,0,0,0,0,0,0,320635,345811,179960,2832
12,12000,0.162322,0.442935,0.596987,33516,12700,615213,837679,-25.2275,-21.0757,-18.5024,-14.1639,317004,340076,177861,2738,0,0,0,0,0,0,0,0,0,0,0,0,317004,340076,177861,2738
13,13000,0.174771,0.466078,0.609719,40753,12700,637045,825230,-25.2275,-21.0757,-18.5024,-14.1639,312731,334361,175538,2600,0,0,0,0,0,0,0,0,0,0,0,0,312731,334361,175538,2600
14,14000,0.186395,0.486868,0.619875,46606,12700,680074,813606,-25.2275,-21.0757,-18.5024,-14.3099,308617,329117,173207,2665,0,0,0,0,0,0,0,0,0,0,0,0,308617,329117,173207,2665
15,15000,0.197602,0.507494,0.63223,51229,12700,708375,802399,-25.2275,-21.0757,-18.5024,-14.2607,304123,324404,171004,2868,0,0,0,0,0,0,0,0,0,0,0,0,304123,324404,171004,2868
16,16000,0.208033,0.525848,0.644773,52711,12700,757589,791968,-25.2275,-21.0757,-18.5024,-14.3597,300668,318622,169197,3481,0,0,0,0,0,0,0,0,0,0,0,0,300668,318622,169197,3481
17,17000,0.217469,0.542598,0.65725,54841,12700,791372,782532,-25.2275,-21.0757,-18.5024,-14.2607,297007,314423,167237,3865,0,0,0,0,0,0,0,0,0,0,0,0,297007,314423,167237,3865
18,18000,0.226325,0.558089,0.664424,55292,12700,847432,773676,-25.2275,-21.0757,-18.5024,-14.3597,293189,310752,165544,4191,0,0,0,0,0,0,0,0,0,0,0,0,293189,310752,165544,4191
19,19000,0.2343,0.571582,0.680676,55348,12700,835026,765701,-25.2275,-21.0757,-18.5024,-14.3597,289564,307730,164274,4133,0,0,0,0,0,0,0,0,0,0,0,0,289564,307730,164274,4133
20,20000,0.241474,0.584411,0.69102,56376,12700,898523,758527,-25.2275,-21.0757,-18.5024,-14.3597,285091,305975,162971,4490,0,0,0,0,0,0,0,0,0,0,0,0,285091,305975,162971,4490
21,21000,0.248979,0.59633,0.698684,54094,12700,894311,751022,-25.2275,-21.0757,-18.5024,-14.1639,280771,303957,161602,4692,0,0,0,0,0,0,0,0,0,0,0,0,280771,303957,161602,4692
22,22000,0.256484,0.606711,0.71069,52892,12700,921731,743517,-25.2275,-21.0757,-18.5024,-14.2607,276768,302708,158687,5354,0,0,0,0,0,0,0,0,0,0,0,0,276768,302708,158687,5354
23,23000,0.264075,0.615817,0.718297,51467,12700,998808,735926,-25.2275,-21.0757,-18.5024,-14.2607,272544,301580,155977,5825,0,0,0,0,0,0,0,0,0,0,0,0,272544,301580,155977,5825
24,24000,0.271939,0.626278,0.725649,51503,12700,986379,728062,-25.2275,-21.0757,-18.5024,-14.2607,268558,300459,153185,5860,0,0,0,0,0,0,0,0,0,0,0,0,268558,300459,153185,5860
25,25000,0.280623,0.635981,0.736815,50756,12700,975964,719378,-25.2275,-21.0757,-18.5024,-14.2607,264087,298886,150469,5936,0,0,0,0,0,0,0,0,0,0,0,0,264087,298886,150469,5936
26,26000,0.288565,0.644693,0.740741,53475,12700,987198,711436,-25.2275,-21.0757,-18.5024,-14.3099,260607,296730,148078,6021,0,0,0,0,0,0,0,0,0,0,0,0,260607,296730,148078,6021
27,27000,0.29588,0.652388,0.752454,52448,12700,1.04232e+06,704121,-25.2275,-21.0757,-18.5024,-14.3597,257316,295990,145155,5660,0,0,0,0,0,0,0,0,0,0,0,0,257316,295990,145155,5660
28,28000,0.303163,0.660179,0.755078,56890,12700,1.06313e+06,696838,-25.2275,-21.0757,-18.5024,-14.2607,254330,293752,143155,5601,0,0,0,0,0,0,0,0,0,0,0,0,254330,293752,143155,5601
29,29000,0.310127,0.667369,0.759098,60710,12700,1.16546e+06,689874,-25.2275,-21.0757,-18.5024,-14.2607,251649,291811,141291,5123,0,0,0,0,0,0,0,0,0,0,0,0,251649,291811,141291,5123
30,30000,0.317479,0.675353,0.762968,60129,12700,1.12908e+06,682522,-25.2275,-21.0757,-18.5024,-14.3099,248093,290022,139670,4737,0,0,0,0,0,0,0,0,0,0,0,0,248093,290022,139670,4737
31,31000,0.324166,0.683293,0.772161,63151,12700,1.12709e+06,675835,-25.2275,-21.0757,-18.5024,-14.3099,245873,287294,138341,4327,0,0,0,0,0,0,0,0,0,0,0,0,245873,287294,138341,4327
32,32000,0.330232,0.689689,0.774228,66695,12700,1.10702e+06,669769,-25.2275,-21.0757,-18.5326,-14.2607,243377,284857,137652,3883,0,0,0,0,0,0,0,0,0,0,0,0,243377,284857,137652,3883
33,33000,0.33702,0.696395,0.780042,67337,12700,1.1367e+06,662981,-25.2275,-21.0757,-18.5024,-14.3099,240871,281171,137395,3544,0,0,0,0,0,0,0,0,0,0,0,0,240871,281171,137395,3544
34,34000,0.343099,0.702475,0.787064,64911,12700,1.33892e+06,656902,-25.2275,-21.0757,-18.5326,-14.3099,238950,277550,137264,3138,0,0,0,0,0,0,0,0,0,0,0,0,238950,277550,137264,3138
35,35000,0.349396,0.708225,0.790886,61489,12700,1.36158e+06,650605,-25.2275,-21.0757,-18.5326,-14.3099,237307,273558,136696,3044,0,0,0,0,0,0,0,0,0,0,0,0,237307,273558,136696,3044
36,36000,0.356656,0.71361,0.79401,62989,12700,1.39262e+06,643345,-25.2275,-21.0757,-18.5024,-14.3099,235873,269499,134957,3016,0,0,0,0,0,0,0,0,0,0,0,0,235873,269499,134957,3016
37,37000,0.364773,0.719664,0.800523,65504,12700,1.27457e+06,635228,-25.2275,-21.0757,-18.5024,-14.3099,233578,266479,132384,2787,0,0,0,0,0,0,0,0,0,0,0,0,233578,266479,132384,2787
38,38000,0.372102,0.723546,0.802146,66419,12700,1.30578e+06,627899,-25.2275,-21.0757,-18.5024,-14.3099,232442,262521,130346,2590,0,0,0,0,0,0,0,0,0,0,0,0,232442,262521,130346,2590
39,39000,0.380081,0.729164,0.810263,67463,12700,1.23186e+06,619920,-25.2275,-21.0757,-18.5024,-14.3099,230925,258728,127653,2614,0,0,0,0,0,0,0,0,0,0,0,0,230925,258728,127653,2614
40,40000,0.387001,0.733638,0.809989,67643,12700,1.26077e+06,613000,-25.2275,-21.0757,-18.5024,-14.3099,228898,256971,124624,2507,0,0,0,0,0,0,0,0,0,0,0,0,228898,256971,124624,2507
41,41000,0.393949,0.73688,0.815143,67831,12700,1.28564e+06,606052,-25.2275,-21.0757,-18.5024,-14.3099,228117,254680,120744,2511,0,0,0,0,0,0,0,0,0,0,0,0,228117,254680,120744,2511
42,42000,0.400883,0.74131,0.819739,66026,12700,1.27732e+06,599118,-25.2275,-21.0757,-18.5024,-14.3099,226458,251779,118565,2316,0,0,0,0,0,0,0,0,0,0,0,0,226458,251779,118565,2316
43,43000,0.407523,0.745905,0.822958,64878,12700,1.33682e+06,592478,-25.2275,-21.0757,-18.5326,-14.3597,225034,249194,115989,2261,0,0,0,0,0,0,0,0,0,0,0,0,225034,249194,115989,2261
44,44000,0.414848,0.750148,0.824251,62959,12700,1.30251e+06,585153,-25.2275,-21.0757,-18.5024,-14.3099,223419,247445,112317,1972,0,0,0,0,0,0,0,0,0,0,0,0,223419,247445,112317,1972
45,45000,0.420424,0.754462,0.832981,62236,12700,1.36359e+06,579577,-25.2275,-21.0757,-18.5326,-14.3099,221956,245199,110304,2118,0,0,0,0,0,0,0,0,0,0,0,0,221956,245199,110304,2118
46,46000,0.426556,0.756843,0.831367,61523,12700,1.31279e+06,573445,-25.2275,-21.0757,-18.5326,-14.3099,220667,243158,107599,2021,0,0,0,0,0,0,0,0,0,0,0,0,220667,243158,107599,2021
47,47000,0.432156,0.759649,0.834482,61255,12700,1.29206e+06,567845,-25.2275,-21.0757,-18.5326,-14.1639,219790,240996,104993,2066,0,0,0,0,0,0,0,0,0,0,0,0,219790,240996,104993,2066
48,48000,0.43838,0.763857,0.836634,59676,12700,1.29782e+06,561621,-25.2275,-21.0757,-18.5024,-14.3099,217936,240027,101831,1827,0,0,0,0,0,0,0,0,0,0,0,0,217936,240027,101831,1827
49,49000,0.444424,0.767038,0.84005,57710,12700,1.31854e+06,555577,-25.2275,-21.0757,-18.5326,-14.3099,216394,238008,99535,1640,0,0,0,0,0,0,0,0,0,0,0,0,216394,238008,99535,1640
50,50000,0.449317,0.771239,0.84509,58976,12700,1.2959e+06,550684,-25.2275,-21.0757,-18.5024,-14.3099,215280,235707,98057,1640,0,0,0,0,0,0,0,0,0,0,0,0,215280,235707,98057,1640
51,51000,0.45488,0.773265,0.847327,62417,12700,1.3071e+06,545121,-25.2275,-21.0757,-18.5326,-14.3099,214141,234164,95381,1435,0,0,0,0,0,0,0,0,0,0,0,0,214141,234164,95381,1435
52,52000,0.460184,0.77667,0.850168,57603,12700,1.3942e+06,539817,-25.2275,-21.0757,-18.5326,-14.3099,212579,233171,92537,1530,0,0,0,0,0,0,0,0,0,0,0,0,212579,233171,92537,1530
53,53000,0.465953,0.780667,0.850866,58085,12700,1.29698e+06,534048,-25.2275,-21.0757,-18.5326,-14.3099,211234,230714,90612,1488,0,0,0,0,0,0,0,0,0,0,0,0,211234,230714,90612,1488
54,54000,0.471169,0.782192,0.851216,59308,12700,1.33001e+06,528832,-25.2275,-21.0757,-18.5326,-14.3099,209859,229951,87710,1312,0,0,0,0,0,0,0,0,0,0,0,0,209859,229951,87710,1312
55,55000,0.475875,0.786031,0.85551,60300,12700,1.26627e+06,524126,-25.2275,-21.0757,-18.5024,-14.3099,209117,227106,86573,1330,0,0,0,0,0,0,0,0,0,0,0,0,209117,227106,86573,1330
56,56000,0.480786,0.788783,0.854679,58787,12700,1.32083e+06,519215,-25.2275,-21.0757,-18.5326,-14.3099,207880,225176,84839,1320,0,0,0,0,0,0,0,0,0,0,0,0,207880,225176,84839,1320
57,57000,0.48578,0.790903,0.860022,58020,12700,1.30766e+06,514221,-25.2275,-21.0757,-18.5326,-14.3099,206796,223160,82975,1290,0,0,0,0,0,0,0,0,0,0,0,0,206796,223160,82975,1290
58,58000,0.490475,0.793513,0.862919,58287,12700,1.30819e+06,509526,-25.2275,-21.0757,-18.5326,-14.3099,205569,221197,81530,1230,0,0,0,0,0,0,0,0,0,0,0,0,205569,221197,81530,1230
59,59000,0.495719,0.796095,0.861598,57250,12700,1.29413e+06,504282,-25.2275,-21.0757,-18.5024,-14.3099,204351,219241,79410,1280,0,0,0,0,0,0,0,0,0,0,0,0,204351,219241,79410,1280
60,60000,0.500739,0.79911,0.865118,55640,12700,1.3404e+06,499261,-25.2275,-21.0757,-18.5326,-14.3099,203047,217756,77200,1258,0,0,0,0,0,0,0,0,0,0,0,0,203047,217756,77200,1258
61,61000,0.504976,0.800886,0.864778,55536,12700,1.33652e+06,495024,-25.2275,-21.0757,-18.5326,-14.3099,202308,216349,74960,1407,0,0,0,0,0,0,0,0,0,0,0,0,202308,216349,74960,1407
62,62000,0.509502,0.803256,0.866893,56554,12700,1.31286e+06,490498,-25.2275,-21.0757,-18.5326,-14.3099,201335,213448,74400,1315,0,0,0,0,0,0,0,0,0,0,0,0,201335,213448,74400,1315
63,63000,0.513708,0.804438,0.870857,58315,12700,1.39844e+06,486292,-25.2275,-21.0757,-18.5024,-14.1639,200748,212323,71903,1318,0,0,0,0,0,0,0,0,0,0,0,0,200748,212323,71903,1318
64,64000,0.518699,0.807138,0.868978,58500,12700,1.38512e+06,481301,-25.2275,-21.0757,-18.5024,-14.3099,199456,210016,70512,1317,0,0,0,0,0,0,0,0,0,0,0,0,199456,210016,70512,1317
65,65000,0.52244,0.810751,0.873226,53259,12700,1.32608e+06,477560,-25.2275,-21.0757,-18.5326,-14.3099,197910,208473,69748,1429,0,0,0,0,0,0,0,0,0,0,0,0,197910,208473,69748,1429
66,66000,0.52671,0.812517,0.872603,53143,12700,1.38222e+06,473290,-25.2275,-21.0757,-18.5326,-14.3099,197134,206488,68385,1283,0,0,0,0,0,0,0,0,0,0,0,0,197134,206488,68385,1283
67,67000,0.530818,0.813974,0.87148,53408,12700,1.38285e+06,469182,-25.2275,-21.0757,-18.5326,-14.3099,195924,204982,66912,1364,0,0,0,0,0,0,0,0,0,0,0,0,195924,204982,66912,1364
68,68000,0.535167,0.815889,0.875359,53699,12700,1.37587e+06,464833,-25.2275,-21.0757,-18.5326,-14.3099,195003,203335,65083,1412,0,0,0,0,0,0,0,0,0,0,0,0,195003,203335,65083,1412
69,69000,0.539247,0.818674,0.874736,56037,12700,1.31034e+06,460753,-25.2275,-21.0757,-18.5024,-14.3099,193522,201227,64657,1347,0,0,0,0,0,0,0,0,0,0,0,0,193522,201227,64657,1347
70,70000,0.543151,0.820359,0.875406,54698,12700,1.42095e+06,456849,-25.2275,-21.0757,-18.5024,-14.3099,192599,199645,63238,1367,0,0,0,0,0,0,0,0,0,0,0,0,192599,199645,63238,1367
71,71000,0.546344,0.821877,0.875311,56775,12700,1.41763e+06,453656,-25.2275,-21.0757,-18.5326,-14.3099,192302,198288,61781,1285,0,0,0,0,0,0,0,0,0,0,0,0,192302,198288,61781,1285
72,72000,0.550251,0.823767,0.87802,56613,12700,1.34475e+06,449749,-25.2275,-21.0757,-18.5024,-14.3099,191271,196311,60949,1218,0,0,0,0,0,0,0,0,0,0,0,0,191271,196311,60949,1218
73,73000,0.554125,0.825946,0.87702,54161,12700,1.32811e+06,445875,-25.2275,-21.0757,-18.5024,-14.3099,189868,194582,60158,1267,0,0,0,0,0,0,0,0,0,0,0,0,189868,194582,60158,1267
74,74000,0.558388,0.827693,0.878879,51222,12700,1.40386e+06,441612,-25.2275,-21.0757,-18.5326,-14.3099,188967,192405,58972,1268,0,0,0,0,0,0,0,0,0,0,0,0,188967,192405,58972,1268
75,75000,0.561302,0.829523,0.878709,56919,12700,1.44394e+06,438698,-25.2275,-21.0757,-18.5326,-14.3099,188737,190402,58293,1266,0,0,0,0,0,0,0,0,0,0,0,0,188737,190402,58293,1266
76,76000,0.564507,0.830361,0.881729,58208,12700,1.38472e+06,435493,-25.2275,-21.0757,-18.5326,-14.3099,187623,189794,56957,1119,0,0,0,0,0,0,0,0,0,0,0,0,187623,189794,56957,1119
77,77000,0.567646,0.833646,0.881239,54353,12700,1.32339e+06,432354,-25.2275,-21.0757,-18.5024,-14.3099,186547,187654,56940,1213,0,0,0,0,0,0,0,0,0,0,0,0,186547,187654,56940,1213
78,78000,0.571615,0.833855,0.882626,53593,12700,1.37342e+06,428385,-25.2275,-21.0757,-18.5326,-14.3099,185671,185581,55990,1143,0,0,0,0,0,0,0,0,0,0,0,0,185671,185581,55990,1143
79,79000,0.57401,0.835599,0.885137,58031,12700,1.4134e+06,425990,-25.2275,-21.0757,-18.5024,-14.3099,185015,184786,54960,1229,0,0,0,0,0,0,0,0,0,0,0,0,185015,184786,54960,1229
80,80000,0.577955,0.837207,0.886241,56271,12700,1.4447e+06,422045,-25.2275,-21.0757,-18.5326,-14.3099,184098,182784,54082,1081,0,0,0,0,0,0,0,0,0,0,0,0,184098,182784,54082,1081
81,81000,0.58043,0.837909,0.884948,57062,12700,1.30532e+06,419570,-25.2275,-21.0757,-18.5326,-14.3099,183722,181361,53471,1016,0,0,0,0,0,0,0,0,0,0,0,0,183722,181361,53471,1016
82,82000,0.583599,0.83982,0.885741,57909,12700,1.33145e+06,416401,-25.2275,-21.0757,-18.5326,-14.3099,182853,179845,52618,1085,0,0,0,0,0,0,0,0,0,0,0,0,182853,179845,52618,1085
83,83000,0.587191,0.841979,0.886656,58689,12700,1.39844e+06,412809,-25.2275,-21.0757,-18.5326,-14.3099,181566,178291,51860,1092,0,0,0,0,0,0,0,0,0,0,0,0,181566,178291,51860,1092
84,84000,0.589887,0.843316,0.888081,59793,12700,1.4092e+06,410113,-25.2275,-21.0757,-18.5326,-14.3597,180794,176930,51425,964,0,0,0,0,0,0,0,0,0,0,0,0,180794,176930,51425,964
85,85000,0.593478,0.845323,0.888195,57869,12700,1.47793e+06,406522,-25.2275,-21.0757,-18.5326,-14.3099,179116,175227,51183,996,0,0,0,0,0,0,0,0,0,0,0,0,179116,175227,51183,996
86,86000,0.596077,0.845871,0.886411,56338,12700,1.33632e+06,403923,-25.2275,-21.0757,-18.5326,-14.3597,179086,173768,50173,896,0,0,0,0,0,0,0,0,0,0,0,0,179086,173768,50173,896
87,87000,0.598915,0.847438,0.889988,58984,12700,1.38564e+06,401085,-25.2275,-21.0757,-18.5326,-14.3099,177835,172295,49969,986,0,0,0,0,0,0,0,0,0,0,0,0,177835,172295,49969,986
88,88000,0.601802,0.849186,0.891932,56584,12700,1.41843e+06,398198,-25.2275,-21.0757,-18.5326,-14.3099,177601,169841,49744,1012,0,0,0,0,0,0,0,0,0,0,0,0,177601,169841,49744,1012
89,89000,0.605066,0.850455,0.889006,54105,12700,1.46298e+06,394934,-25.2275,-21.0757,-18.5326,-14.3597,176373,168873,48737,951,0,0,0,0,0,0,0,0,0,0,0,0,176373,168873,48737,951
90,90000,0.607435,0.85165,0.892914,56451,12700,1.40932e+06,392565,-25.2275,-21.0757,-18.5326,-14.3099,176126,167429,48101,909,0,0,0,0,0,0,0,0,0,0,0,0,176126,167429,48101,909
91,91000,0.609647,0.852682,0.891583,60482,12700,1.35802e+06,390353,-25.2275,-21.0757,-18.5326,-14.3597,174869,166609,48021,854,0,0,0,0,0,0,0,0,0,0,0,0,174869,166609,48021,854
92,92000,0.61269,0.854399,0.892697,57378,12700,1.39525e+06,387310,-25.2275,-21.0757,-18.5326,-14.3597,173758,165472,47186,894,0,0,0,0,0,0,0,0,0,0,0,0,173758,165472,47186,894
93,93000,0.615265,0.854587,0.893943,54799,12700,1.39608e+06,384735,-25.2275,-21.0757,-18.5326,-14.3099,173523,164071,46246,895,0,0,0,0,0,0,0,0,0,0,0,0,173523,164071,46246,895
94,94000,0.617824,0.856511,0.894849,60563,12700,1.43533e+06,382176,-25.2275,-21.0757,-18.5326,-14.3099,172503,162792,46022,859,0,0,0,0,0,0,0,0,0,0,0,0,172503,162792,46022,859
95,95000,0.620682,0.858087,0.895245,56461,12700,1.40731e+06,379318,-25.2275,-21.0757,-18.5326,-14.3597,171877,160792,45804,845,0,0,0,0,0,0,0,0,0,0,0,0,171877,160792,45804,845
96,96000,0.623197,0.858642,0.895755,59812,12700,1.36516e+06,376803,-25.2275,-21.0757,-18.5024,-14.3597,170788,159865,45194,956,0,0,0,0,0,0,0,0,0,0,0,0,170788,159865,45194,956
97,97000,0.62481,0.859292,0.894141,58940,12700,1.43488e+06,375190,-25.2275,-21.0757,-18.5024,-14.3099,170533,158983,44853,821,0,0,0,0,0,0,0,0,0,0,0,0,170533,158983,44853,821
98,98000,0.627698,0.861255,0.898473,63013,12700,1.45714e+06,372302,-25.2275,-21.0757,-18.5326,-14.3597,169465,157647,44344,846,0,0,0,0,0,0,0,0,0,0,0,0,169465,157647,44344,846
99,99000,0.62992,0.862018,0.897605,60720,12700,1.44494e+06,370080,-25.2275,-21.0757,-18.5326,-14.3597,168838,156522,43899,821,0,0,0,0,0,0,0,0,0,0,0,0,168838,156522,43899,821
100,100000,0.632353,0.862749,0.897227,56858,12700,1.46609e+06,367647,-25.2275,-21.0757,-18.5326,-14.3597,168291,154745,43825,786,0,0,0,0,0,0,0,0,0,0,0,0,168291,154745,43825,786
