erlang_index,erlang,general_blocking,BBP,Total_current_utilization,Blocked_by_XT,Ruta_mas_larga,tiempo_transcurrido,conexiones_exitosas,Max_XT_for_modulation_16QAM,Max_XT_for_modulation_8QAM,Max_XT_for_modulation_QPSK,Max_XT_for_modulation_BPSK,conexiones_exitosas_con_16QAM,conexiones_exitosas_con_8QAM,conexiones_exitosas_con_QPSK,conexiones_exitosas_con_BPSK,modulaciones_usadas_en_banda_E_con_16QAM,modulaciones_usadas_en_banda_E_con_8QAM,modulaciones_usadas_en_banda_E_con_QPSK,modulaciones_usadas_en_banda_E_con_BPSK,modulaciones_usadas_en_banda_S_con_16QAM,modulaciones_usadas_en_banda_S_con_8QAM,modulaciones_usadas_en_banda_S_con_QPSK,modulaciones_usadas_en_banda_S_con_BPSK,modulaciones_usadas_en_banda_L_con_16QAM,modulaciones_usadas_en_banda_L_con_8QAM,modulaciones_usadas_en_banda_L_con_QPSK,modulaciones_usadas_en_banda_L_con_BPSK,modulaciones_usadas_en_banda_C_con_16QAM,modulaciones_usadas_en_banda_C_con_8QAM,modulaciones_usadas_en_banda_C_con_QPSK,modulaciones_usadas_en_banda_C_con_BPSK
1,1000,0,0,0.0651329,0,1201,78488.9,1000001,-32.3819,-99,-99,-99,1e+06,0,0,0,0,0,0,0,0,0,0,0,0,0,0,0,1e+06,0,0,0
2,2000,0,0,0.12686,0,1201,125560,1000001,-31.47,-99,-99,-99,1e+06,0,0,0,0,0,0,0,0,0,0,0,0,0,0,0,1e+06,0,0,0
3,3000,0,0,0.183081,0,1201,176918,1000001,-25.3906,-23.9299,-99,-99,999995,6,0,0,0,0,0,0,0,0,0,0,0,0,0,0,999995,6,0,0
4,4000,0,0,0.242724,0,1201,239264,1000001,-25.0158,-23.3996,-99,-99,999015,986,0,0,0,0,0,0,0,0,0,0,0,0,0,0,999015,986,0,0
5,5000,0.001971,0.00617625,0.302292,571,1263,295876,998030,-25.0158,-22.974,-99,-99,996220,1810,0,0,0,0,0,0,0,0,0,0,0,0,0,0,996220,1810,0,0
6,6000,0.018181,0.0569713,0.345033,3328,1325,356572,981820,-25.0158,-22.974,-99,-99,979590,2230,0,0,0,0,0,0,0,0,0,0,0,0,0,0,979590,2230,0,0
7,7000,0.037321,0.116948,0.37652,4815,1325,421201,962680,-25.0158,-22.6229,-99,-99,960664,2016,0,0,0,0,0,0,0,0,0,0,0,0,0,0,960664,2016,0,0
8,8000,0.0526789,0.165073,0.407492,5435,1325,463155,947322,-25.0158,-22.6229,-99,-99,944645,2677,0,0,0,0,0,0,0,0,0,0,0,0,0,0,944645,2677,0,0
9,9000,0.0662129,0.207477,0.438704,5922,1325,531632,933788,-25.0158,-22.5434,-99,-99,930548,3240,0,0,0,0,0,0,0,0,0,0,0,0,0,0,930548,3240,0,0
10,10000,0.0781399,0.244845,0.463638,6342,1325,566914,921861,-25.0158,-22.6229,-99,-99,918541,3320,0,0,0,0,0,0,0,0,0,0,0,0,0,0,918541,3320,0,0
11,11000,0.0881219,0.276119,0.482301,6882,1325,623820,911879,-25.0158,-22.5434,-99,-99,908312,3567,0,0,0,0,0,0,0,0,0,0,0,0,0,0,908312,3567,0,0
12,12000,0.0972929,0.304739,0.504693,6415,1388,662526,902708,-25.0158,-22.6229,-99,-99,899319,3389,0,0,0,0,0,0,0,0,0,0,0,0,0,0,899319,3389,0,0
13,13000,0.104898,0.327675,0.527625,5577,1388,709196,895103,-25.0158,-22.6229,-99,-99,891124,3979,0,0,0,0,0,0,0,0,0,0,0,0,0,0,891124,3979,0,0
14,14000,0.113138,0.35048,0.540905,6127,1388,747105,886863,-25.0158,-22.6229,-99,-99,882645,4218,0,0,0,0,0,0,0,0,0,0,0,0,0,0,882645,4218,0,0
15,15000,0.122,0.375089,0.557716,6372,1388,833924,878001,-25.0158,-22.6229,-99,-99,873712,4289,0,0,0,0,0,0,0,0,0,0,0,0,0,0,873712,4289,0,0
16,16000,0.13005,0.396038,0.573721,6116,1388,838027,869951,-25.0158,-22.4622,-99,-99,865570,4381,0,0,0,0,0,0,0,0,0,0,0,0,0,0,865570,4381,0,0
17,17000,0.139407,0.42021,0.584435,5938,1388,897677,860594,-25.0158,-22.4622,-99,-99,856017,4577,0,0,0,0,0,0,0,0,0,0,0,0,0,0,856017,4577,0,0
18,18000,0.146688,0.437524,0.597757,6290,1388,930089,853313,-25.0158,-22.4622,-99,-99,848256,5057,0,0,0,0,0,0,0,0,0,0,0,0,0,0,848256,5057,0,0
19,19000,0.154819,0.456271,0.611121,6998,1388,950431,845182,-25.0158,-22.6229,-99,-99,839889,5293,0,0,0,0,0,0,0,0,0,0,0,0,0,0,839889,5293,0,0
20,20000,0.162242,0.472753,0.621279,7626,1388,1.01633e+06,837759,-25.0158,-22.4622,-99,-99,831614,6145,0,0,0,0,0,0,0,0,0,0,0,0,0,0,831614,6145,0,0
21,21000,0.169177,0.487623,0.636769,7888,1388,1.05603e+06,830824,-25.0158,-22.4622,-99,-99,824367,6457,0,0,0,0,0,0,0,0,0,0,0,0,0,0,824367,6457,0,0
22,22000,0.177739,0.504887,0.646337,7766,1388,1.03619e+06,822262,-25.0158,-22.4622,-99,-99,814716,7546,0,0,0,0,0,0,0,0,0,0,0,0,0,0,814716,7546,0,0
23,23000,0.184951,0.518918,0.654003,8479,1388,1.08807e+06,815050,-25.01,-22.6229,-99,-99,807203,7847,0,0,0,0,0,0,0,0,0,0,0,0,0,0,807203,7847,0,0
24,24000,0.192763,0.532779,0.663098,8573,1388,1.13401e+06,807238,-25.0158,-22.4622,-99,-99,798799,8439,0,0,0,0,0,0,0,0,0,0,0,0,0,0,798799,8439,0,0
25,25000,0.200912,0.547718,0.667857,9128,1388,1.12518e+06,799089,-25.0158,-22.6229,-99,-99,790405,8684,0,0,0,0,0,0,0,0,0,0,0,0,0,0,790405,8684,0,0
26,26000,0.208116,0.559434,0.679444,9235,1388,1.18542e+06,791885,-25.0158,-22.6229,-99,-99,782771,9114,0,0,0,0,0,0,0,0,0,0,0,0,0,0,782771,9114,0,0
27,27000,0.215273,0.571243,0.682915,8903,1388,1.21097e+06,784728,-25.0158,-22.6229,-99,-99,774943,9785,0,0,0,0,0,0,0,0,0,0,0,0,0,0,774943,9785,0,0
28,28000,0.222908,0.584432,0.690615,8991,1388,1.21689e+06,777093,-25.0158,-22.583,-99,-99,767550,9543,0,0,0,0,0,0,0,0,0,0,0,0,0,0,767550,9543,0,0
29,29000,0.229506,0.594875,0.700457,8406,1388,1.34458e+06,770495,-25.0158,-22.6229,-99,-99,760532,9963,0,0,0,0,0,0,0,0,0,0,0,0,0,0,760532,9963,0,0
30,30000,0.235777,0.605878,0.703588,8274,1388,1.32176e+06,764224,-25.0158,-22.583,-99,-99,754089,10135,0,0,0,0,0,0,0,0,0,0,0,0,0,0,754089,10135,0,0
31,31000,0.24292,0.616964,0.7074,8345,1388,1.29943e+06,757081,-25.0158,-22.6262,-99,-99,747223,9858,0,0,0,0,0,0,0,0,0,0,0,0,0,0,747223,9858,0,0
32,32000,0.248131,0.625061,0.713306,7710,1388,1.3061e+06,751870,-25.0158,-22.583,-99,-99,742070,9800,0,0,0,0,0,0,0,0,0,0,0,0,0,0,742070,9800,0,0
33,33000,0.254426,0.63426,0.720008,6819,1388,1.36256e+06,745575,-25.0158,-22.583,-99,-99,735288,10287,0,0,0,0,0,0,0,0,0,0,0,0,0,0,735288,10287,0,0
34,34000,0.259835,0.642188,0.727367,7296,1388,1.36463e+06,740166,-25.0158,-22.6229,-99,-99,729610,10556,0,0,0,0,0,0,0,0,0,0,0,0,0,0,729610,10556,0,0
35,35000,0.26463,0.649254,0.731196,6779,1388,1.40589e+06,735371,-25.0158,-22.6229,-99,-99,724821,10550,0,0,0,0,0,0,0,0,0,0,0,0,0,0,724821,10550,0,0
36,36000,0.27035,0.657984,0.736462,5986,1463,1.41272e+06,729651,-25.0158,-22.6229,-99,-99,719112,10539,0,0,0,0,0,0,0,0,0,0,0,0,0,0,719112,10539,0,0
37,37000,0.275682,0.66414,0.741902,5772,1463,1.45689e+06,724319,-25.0158,-22.6229,-99,-99,713543,10776,0,0,0,0,0,0,0,0,0,0,0,0,0,0,713543,10776,0,0
38,38000,0.281899,0.673239,0.743646,5952,1463,1.47576e+06,718102,-25.0158,-22.583,-99,-99,707149,10953,0,0,0,0,0,0,0,0,0,0,0,0,0,0,707149,10953,0,0
39,39000,0.286985,0.677897,0.753314,5761,1463,1.50509e+06,713016,-25.0158,-22.583,-99,-99,701983,11033,0,0,0,0,0,0,0,0,0,0,0,0,0,0,701983,11033,0,0
40,40000,0.292449,0.685614,0.756844,4975,1463,1.52887e+06,707552,-25.0158,-22.583,-99,-99,696837,10715,0,0,0,0,0,0,0,0,0,0,0,0,0,0,696837,10715,0,0
41,41000,0.298024,0.691783,0.758538,4905,1463,1.53572e+06,701977,-25.0158,-22.501,-99,-99,691370,10607,0,0,0,0,0,0,0,0,0,0,0,0,0,0,691370,10607,0,0
42,42000,0.301731,0.695409,0.763779,4632,1463,1.5712e+06,698270,-25.0158,-22.4622,-99,-99,688198,10072,0,0,0,0,0,0,0,0,0,0,0,0,0,0,688198,10072,0,0
43,43000,0.306571,0.700319,0.76711,4469,1463,1.58623e+06,693430,-25.0158,-22.583,-99,-99,683423,10007,0,0,0,0,0,0,0,0,0,0,0,0,0,0,683423,10007,0,0
44,44000,0.312071,0.706237,0.774452,4041,1463,1.60373e+06,687930,-25.0158,-22.1129,-99,-99,677767,10163,0,0,0,0,0,0,0,0,0,0,0,0,0,0,677767,10163,0,0
45,45000,0.316477,0.710477,0.779095,4355,1463,1.62077e+06,683524,-25.0158,-22.1129,-99,-99,673557,9967,0,0,0,0,0,0,0,0,0,0,0,0,0,0,673557,9967,0,0
46,46000,0.321446,0.716213,0.78549,3533,1463,1.66794e+06,678555,-25.0158,-22.501,-99,-99,669072,9483,0,0,0,0,0,0,0,0,0,0,0,0,0,0,669072,9483,0,0
47,47000,0.325609,0.720032,0.788065,3091,1463,1.67204e+06,674392,-25.0115,-22.1129,-99,-99,664897,9495,0,0,0,0,0,0,0,0,0,0,0,0,0,0,664897,9495,0,0
48,48000,0.328744,0.722518,0.792035,2763,1463,1.68719e+06,671257,-25.0158,-22.583,-99,-99,661497,9760,0,0,0,0,0,0,0,0,0,0,0,0,0,0,661497,9760,0,0
49,49000,0.333096,0.727593,0.797957,2301,1463,1.73676e+06,666905,-25.0158,-22.1129,-99,-99,657418,9487,0,0,0,0,0,0,0,0,0,0,0,0,0,0,657418,9487,0,0
50,50000,0.337043,0.730711,0.802475,2470,1463,1.7315e+06,662958,-25.0158,-22.6262,-99,-99,653166,9792,0,0,0,0,0,0,0,0,0,0,0,0,0,0,653166,9792,0,0
51,51000,0.341065,0.734275,0.805216,2443,1463,1.86061e+06,658936,-25.0158,-22.583,-99,-99,649258,9678,0,0,0,0,0,0,0,0,0,0,0,0,0,0,649258,9678,0,0
52,52000,0.345039,0.738053,0.806769,2058,1463,1.70449e+06,654962,-25.0158,-22.501,-99,-99,645327,9635,0,0,0,0,0,0,0,0,0,0,0,0,0,0,645327,9635,0,0
53,53000,0.349095,0.741561,0.812334,1688,1463,1.76915e+06,650906,-25.0158,-22.1129,-99,-99,641382,9524,0,0,0,0,0,0,0,0,0,0,0,0,0,0,641382,9524,0,0
54,54000,0.352786,0.74506,0.815548,2053,1463,1.77598e+06,647215,-25.0115,-22.1129,-99,-99,637367,9848,0,0,0,0,0,0,0,0,0,0,0,0,0,0,637367,9848,0,0
55,55000,0.356329,0.747792,0.820332,1668,1463,1.75752e+06,643672,-25.0115,-22.1129,-99,-99,634066,9606,0,0,0,0,0,0,0,0,0,0,0,0,0,0,634066,9606,0,0
56,56000,0.360172,0.751543,0.822757,1894,1463,1.8297e+06,639829,-25.0158,-22.1129,-99,-99,630067,9762,0,0,0,0,0,0,0,0,0,0,0,0,0,0,630067,9762,0,0
57,57000,0.364131,0.755097,0.827874,1615,1463,1.77073e+06,635870,-25.0158,-22.583,-99,-99,626406,9464,0,0,0,0,0,0,0,0,0,0,0,0,0,0,626406,9464,0,0
58,58000,0.367172,0.758358,0.830772,1622,1463,1.83769e+06,632829,-25.0158,-22.583,-99,-99,623133,9696,0,0,0,0,0,0,0,0,0,0,0,0,0,0,623133,9696,0,0
59,59000,0.370787,0.760473,0.833239,1726,1463,1.89527e+06,629214,-25.0158,-22.5434,-99,-99,620046,9168,0,0,0,0,0,0,0,0,0,0,0,0,0,0,620046,9168,0,0
60,60000,0.374268,0.764116,0.83696,1522,1463,1.85492e+06,625733,-25.0115,-22.1129,-99,-99,616593,9140,0,0,0,0,0,0,0,0,0,0,0,0,0,0,616593,9140,0,0
61,61000,0.377263,0.766238,0.841246,1406,1651,1.95067e+06,622738,-25.0158,-22.1129,-99,-99,613516,9222,0,0,0,0,0,0,0,0,0,0,0,0,0,0,613516,9222,0,0
62,62000,0.380344,0.769067,0.844967,1535,1651,1.90509e+06,619657,-25.0158,-22.5434,-99,-99,610426,9231,0,0,0,0,0,0,0,0,0,0,0,0,0,0,610426,9231,0,0
63,63000,0.383561,0.771592,0.847807,1515,1651,1.9207e+06,616440,-25.0158,-22.1129,-99,-99,607497,8943,0,0,0,0,0,0,0,0,0,0,0,0,0,0,607497,8943,0,0
64,64000,0.385998,0.772794,0.853654,1424,1651,2.00144e+06,614003,-25.0158,-22.583,-99,-99,604969,9034,0,0,0,0,0,0,0,0,0,0,0,0,0,0,604969,9034,0,0
65,65000,0.389581,0.775361,0.85554,1147,1651,1.9226e+06,610420,-25.0115,-22.1129,-99,-99,601678,8742,0,0,0,0,0,0,0,0,0,0,0,0,0,0,601678,8742,0,0
66,66000,0.392675,0.77793,0.858472,1359,1651,1.96472e+06,607326,-25.0158,-22.501,-99,-99,598680,8646,0,0,0,0,0,0,0,0,0,0,0,0,0,0,598680,8646,0,0
67,67000,0.395437,0.779944,0.860914,1285,1651,2.04657e+06,604564,-25.0115,-22.1129,-99,-99,595896,8668,0,0,0,0,0,0,0,0,0,0,0,0,0,0,595896,8668,0,0
68,68000,0.397873,0.78134,0.864153,1227,1651,1.9683e+06,602128,-25.0158,-22.1129,-99,-99,593503,8625,0,0,0,0,0,0,0,0,0,0,0,0,0,0,593503,8625,0,0
69,69000,0.401597,0.785522,0.867276,1363,1651,2.0143e+06,598404,-25.0158,-22.501,-99,-99,589667,8737,0,0,0,0,0,0,0,0,0,0,0,0,0,0,589667,8737,0,0
70,70000,0.40459,0.786558,0.868679,1135,1651,2.10204e+06,595411,-25.0115,-22.583,-99,-99,586761,8650,0,0,0,0,0,0,0,0,0,0,0,0,0,0,586761,8650,0,0
71,71000,0.407468,0.788825,0.872525,1301,1651,2.03049e+06,592533,-25.0158,-22.501,-99,-99,583815,8718,0,0,0,0,0,0,0,0,0,0,0,0,0,0,583815,8718,0,0
72,72000,0.409952,0.790188,0.876429,1112,1651,2.0931e+06,590049,-25.0158,-22.501,-99,-99,581833,8216,0,0,0,0,0,0,0,0,0,0,0,0,0,0,581833,8216,0,0
73,73000,0.413664,0.793935,0.878704,1327,1651,2.1386e+06,586337,-25.0115,-22.501,-99,-99,578431,7906,0,0,0,0,0,0,0,0,0,0,0,0,0,0,578431,7906,0,0
74,74000,0.416207,0.794185,0.88201,1145,1651,2.11556e+06,583794,-25.0115,-22.501,-99,-99,575694,8100,0,0,0,0,0,0,0,0,0,0,0,0,0,0,575694,8100,0,0
75,75000,0.419859,0.796986,0.885183,1081,1651,2.11534e+06,580142,-25.0158,-22.501,-99,-99,572288,7854,0,0,0,0,0,0,0,0,0,0,0,0,0,0,572288,7854,0,0
76,76000,0.422095,0.797934,0.888962,1162,1651,2.18442e+06,577906,-25.0158,-22.1129,-99,-99,570203,7703,0,0,0,0,0,0,0,0,0,0,0,0,0,0,570203,7703,0,0
77,77000,0.425245,0.800278,0.887741,1069,1651,2.2475e+06,574756,-25.0158,-22.501,-99,-99,567169,7587,0,0,0,0,0,0,0,0,0,0,0,0,0,0,567169,7587,0,0
78,78000,0.428408,0.802691,0.890532,1073,1651,2.32434e+06,571593,-25.0158,-22.501,-99,-99,563866,7727,0,0,0,0,0,0,0,0,0,0,0,0,0,0,563866,7727,0,0
79,79000,0.431383,0.80357,0.893331,1035,1651,2.2225e+06,568618,-25.0115,-22.1129,-99,-99,561312,7306,0,0,0,0,0,0,0,0,0,0,0,0,0,0,561312,7306,0,0
80,80000,0.434212,0.805298,0.89495,899,1651,2.26942e+06,565789,-25.0158,-22.1129,-99,-99,558356,7433,0,0,0,0,0,0,0,0,0,0,0,0,0,0,558356,7433,0,0
81,81000,0.437243,0.806633,0.895324,1046,1651,2.13222e+06,562758,-25.0158,-22.501,-99,-99,555936,6822,0,0,0,0,0,0,0,0,0,0,0,0,0,0,555936,6822,0,0
82,82000,0.440212,0.808647,0.897317,1005,1651,2.24767e+06,559789,-25.0158,-22.4622,-99,-99,552314,7475,0,0,0,0,0,0,0,0,0,0,0,0,0,0,552314,7475,0,0
83,83000,0.443242,0.809993,0.900017,1012,1651,2.48109e+06,556759,-25.0158,-21.5876,-99,-99,549711,7048,0,0,0,0,0,0,0,0,0,0,0,0,0,0,549711,7048,0,0
84,84000,0.44678,0.811392,0.901977,1187,1651,2.25648e+06,553221,-25.0115,-22.1129,-99,-99,546596,6625,0,0,0,0,0,0,0,0,0,0,0,0,0,0,546596,6625,0,0
85,85000,0.449207,0.812741,0.902002,899,1651,2.28609e+06,550794,-25.0115,-22.501,-99,-99,544251,6543,0,0,0,0,0,0,0,0,0,0,0,0,0,0,544251,6543,0,0
86,86000,0.452256,0.813992,0.905241,944,1651,2.37318e+06,547745,-25.0158,-22.501,-99,-99,541385,6360,0,0,0,0,0,0,0,0,0,0,0,0,0,0,541385,6360,0,0
87,87000,0.455468,0.815611,0.905199,857,1651,2.39519e+06,544533,-25.0115,-22.501,-99,-99,538469,6064,0,0,0,0,0,0,0,0,0,0,0,0,0,0,538469,6064,0,0
88,88000,0.459073,0.817694,0.906246,676,1651,2.30254e+06,540928,-25.0158,-22.501,-99,-99,534949,5979,0,0,0,0,0,0,0,0,0,0,0,0,0,0,534949,5979,0,0
89,89000,0.461242,0.817529,0.90956,708,1651,2.3879e+06,538759,-25.0158,-22.501,-99,-99,532878,5881,0,0,0,0,0,0,0,0,0,0,0,0,0,0,532878,5881,0,0
90,90000,0.464556,0.819134,0.910822,782,1651,2.39784e+06,535445,-25.0115,-22.1129,-99,-99,529579,5866,0,0,0,0,0,0,0,0,0,0,0,0,0,0,529579,5866,0,0
91,91000,0.468093,0.82111,0.911213,799,1651,2.26979e+06,531908,-25.0158,-22.501,-99,-99,526424,5484,0,0,0,0,0,0,0,0,0,0,0,0,0,0,526424,5484,0,0
92,92000,0.470386,0.822709,0.914053,619,1651,2.34707e+06,529615,-25.0158,-22.1129,-99,-99,524215,5400,0,0,0,0,0,0,0,0,0,0,0,0,0,0,524215,5400,0,0
93,93000,0.474288,0.82453,0.914336,735,1651,2.37307e+06,525713,-25.0158,-22.501,-99,-99,520155,5558,0,0,0,0,0,0,0,0,0,0,0,0,0,0,520155,5558,0,0
94,94000,0.476525,0.824869,0.915208,569,1651,2.44975e+06,523476,-25.0158,-22.1129,-99,-99,517987,5489,0,0,0,0,0,0,0,0,0,0,0,0,0,0,517987,5489,0,0
95,95000,0.479881,0.826122,0.916678,560,1651,2.33868e+06,520120,-25.0158,-22.4622,-99,-99,514911,5209,0,0,0,0,0,0,0,0,0,0,0,0,0,0,514911,5209,0,0
96,96000,0.482632,0.827756,0.915656,592,1651,2.42373e+06,517369,-25.0158,-22.501,-99,-99,512464,4905,0,0,0,0,0,0,0,0,0,0,0,0,0,0,512464,4905,0,0
97,97000,0.485492,0.827418,0.918953,509,1651,2.40084e+06,514509,-25.0115,-22.501,-99,-99,509508,5001,0,0,0,0,0,0,0,0,0,0,0,0,0,0,509508,5001,0,0
98,98000,0.488485,0.829402,0.919128,802,1651,2.29888e+06,511516,-25.0158,-22.1129,-99,-99,506765,4751,0,0,0,0,0,0,0,0,0,0,0,0,0,0,506765,4751,0,0
99,99000,0.491166,0.831108,0.920017,639,1651,2.35017e+06,508835,-25.0158,-22.501,-99,-99,504117,4718,0,0,0,0,0,0,0,0,0,0,0,0,0,0,504117,4718,0,0
100,100000,0.494163,0.832241,0.918762,575,1651,2.41672e+06,505838,-25.0115,-22.583,-99,-99,501159,4679,0,0,0,0,0,0,0,0,0,0,0,0,0,0,501159,4679,0,0
