erlang_index,erlang,general_blocking,BBP,Total_current_utilization,Blocked_by_XT,Ruta_mas_larga,tiempo_transcurrido,conexiones_exitosas,Max_XT_for_modulation_16QAM,Max_XT_for_modulation_8QAM,Max_XT_for_modulation_QPSK,Max_XT_for_modulation_BPSK,conexiones_exitosas_con_16QAM,conexiones_exitosas_con_8QAM,conexiones_exitosas_con_QPSK,conexiones_exitosas_con_BPSK,modulaciones_usadas_en_banda_E_con_16QAM,modulaciones_usadas_en_banda_E_con_8QAM,modulaciones_usadas_en_banda_E_con_QPSK,modulaciones_usadas_en_banda_E_con_BPSK,modulaciones_usadas_en_banda_S_con_16QAM,modulaciones_usadas_en_banda_S_con_8QAM,modulaciones_usadas_en_banda_S_con_QPSK,modulaciones_usadas_en_banda_S_con_BPSK,modulaciones_usadas_en_banda_L_con_16QAM,modulaciones_usadas_en_banda_L_con_8QAM,modulaciones_usadas_en_banda_L_con_QPSK,modulaciones_usadas_en_banda_L_con_BPSK,modulaciones_usadas_en_banda_C_con_16QAM,modulaciones_usadas_en_banda_C_con_8QAM,modulaciones_usadas_en_banda_C_con_QPSK,modulaciones_usadas_en_banda_C_con_BPSK
1,1000,0,0,0.0315445,0,771,108273,1000001,-38.1192,-99,-99,-99,1e+06,0,0,0,0,0,0,0,0,0,0,0,555201,0,0,0,444800,0,0,0
2,2000,0,0,0.0617954,0,771,169370,1000001,-33.3477,-99,-99,-99,1e+06,0,0,0,0,0,0,0,0,0,0,0,522058,0,0,0,477943,0,0,0
3,3000,0,0,0.0899125,0,771,232256,1000001,-33.3477,-99,-99,-99,1e+06,0,0,0,0,0,0,0,0,0,0,0,499248,0,0,0,500753,0,0,0
4,4000,0,0,0.116538,0,771,289154,1000001,-33.3477,-99,-99,-99,1e+06,0,0,0,0,0,0,0,0,0,0,0,497090,0,0,0,502911,0,0,0
5,5000,0,0,0.143668,0,771,361175,1000001,-33.3477,-99,-99,-99,1e+06,0,0,0,0,0,0,0,0,0,0,0,513953,0,0,0,486048,0,0,0
6,6000,0,0,0.170868,0,771,437380,1000001,-25.2234,-30.3372,-99,-99,1e+06,1,0,0,0,0,0,0,0,0,0,0,528485,1,0,0,471515,0,0,0
7,7000,8.99999e-06,2.8202e-05,0.19824,0,774,519215,999992,-25.2234,-24.8958,-99,-99,999979,13,0,0,0,0,0,0,0,0,0,0,531768,11,0,0,468211,2,0,0
8,8000,0.000171,0.000535839,0.229051,0,774,626500,999830,-25.2234,-24.8958,-99,-99,999829,1,0,0,0,0,0,0,0,0,0,0,529689,1,0,0,470140,0,0,0
9,9000,0.000752999,0.00235957,0.251411,0,774,692036,999248,-25.2052,-24.8958,-99,-99,999247,1,0,0,0,0,0,0,0,0,0,0,526995,1,0,0,472252,0,0,0
10,10000,0.002792,0.0087489,0.276506,0,774,777809,997209,-25.2234,-24.8958,-99,-99,997208,1,0,0,0,0,0,0,0,0,0,0,520275,0,0,0,476933,1,0,0
11,11000,0.00766699,0.0240026,0.292976,0,774,863582,992334,-25.2052,-24.8958,-99,-99,992333,1,0,0,0,0,0,0,0,0,0,0,513300,1,0,0,479033,0,0,0
12,12000,0.014553,0.0455654,0.31038,0,774,893387,985448,-25.2234,-24.8958,-99,-99,985447,1,0,0,0,0,0,0,0,0,0,0,504673,1,0,0,480774,0,0,0
13,13000,0.021428,0.0669762,0.324309,0,774,988448,978573,-25.2234,-99,-99,-99,978573,0,0,0,0,0,0,0,0,0,0,0,502968,0,0,0,475605,0,0,0
14,14000,0.028244,0.0882376,0.338228,0,774,1.09598e+06,971757,-25.2234,-24.8958,-99,-99,971756,1,0,0,0,0,0,0,0,0,0,0,504679,0,0,0,467077,1,0,0
15,15000,0.036099,0.112579,0.35081,0,774,1.12813e+06,963902,-25.2234,-99,-99,-99,963902,0,0,0,0,0,0,0,0,0,0,0,505787,0,0,0,458115,0,0,0
16,16000,0.042541,0.132421,0.361357,0,774,1.26327e+06,957460,-25.2234,-99,-99,-99,957460,0,0,0,0,0,0,0,0,0,0,0,505332,0,0,0,452128,0,0,0
17,17000,0.048733,0.151154,0.375104,0,774,1.36123e+06,951268,-25.2234,-99,-99,-99,951268,0,0,0,0,0,0,0,0,0,0,0,502552,0,0,0,448716,0,0,0
18,18000,0.0555339,0.170625,0.385811,0,774,1.4312e+06,944467,-25.2234,-99,-99,-99,944467,0,0,0,0,0,0,0,0,0,0,0,498368,0,0,0,446099,0,0,0
19,19000,0.0615169,0.187421,0.393711,0,774,1.46454e+06,938484,-25.2234,-99,-99,-99,938484,0,0,0,0,0,0,0,0,0,0,0,492719,0,0,0,445765,0,0,0
20,20000,0.0669019,0.201945,0.405389,0,774,1.47187e+06,933099,-25.2234,-99,-99,-99,933099,0,0,0,0,0,0,0,0,0,0,0,488093,0,0,0,445006,0,0,0
21,21000,0.0729149,0.217789,0.414724,0,774,1.53097e+06,927086,-25.2234,-99,-99,-99,927086,0,0,0,0,0,0,0,0,0,0,0,485303,0,0,0,441783,0,0,0
22,22000,0.0788519,0.232823,0.422321,0,774,1.63295e+06,921149,-25.2234,-24.879,-99,-99,921148,1,0,0,0,0,0,0,0,0,0,0,481959,1,0,0,439189,0,0,0
23,23000,0.0844829,0.24643,0.430943,0,774,1.72378e+06,915518,-25.2234,-24.879,-99,-99,915515,3,0,0,0,0,0,0,0,0,0,0,480242,3,0,0,435273,0,0,0
24,24000,0.0897709,0.259337,0.438794,0,774,1.88656e+06,910230,-25.0918,-24.879,-99,-99,910212,18,0,0,0,0,0,0,0,0,0,0,477709,17,0,0,432503,1,0,0
25,25000,0.0954339,0.273242,0.445373,0,793,1.99466e+06,904567,-25.0918,-24.879,-99,-99,904538,29,0,0,0,0,0,0,0,0,0,0,475365,23,0,0,429173,6,0,0
26,26000,0.101046,0.286246,0.453766,4,815,2.19548e+06,898955,-25.0918,-24.879,-99,-99,898924,31,0,0,0,0,0,0,0,0,0,0,471760,19,0,0,427164,12,0,0
27,27000,0.106041,0.298184,0.460018,4,815,2.18706e+06,893960,-25.0918,-24.879,-99,-99,893940,20,0,0,0,0,0,0,0,0,0,0,467100,12,0,0,426840,8,0,0
28,28000,0.111054,0.309619,0.465393,17,815,2.22468e+06,888947,-25.0918,-24.879,-99,-99,888922,25,0,0,0,0,0,0,0,0,0,0,463783,16,0,0,425139,9,0,0
29,29000,0.116463,0.321256,0.470676,6,815,2.2698e+06,883538,-25.0918,-24.879,-99,-99,883524,14,0,0,0,0,0,0,0,0,0,0,460736,13,0,0,422788,1,0,0
30,30000,0.121929,0.333958,0.478273,14,815,2.41329e+06,878072,-25.0918,-24.879,-99,-99,878052,20,0,0,0,0,0,0,0,0,0,0,457099,13,0,0,420953,7,0,0
31,31000,0.126954,0.344295,0.481472,43,815,2.35675e+06,873047,-25.0918,-24.879,-99,-99,873022,25,0,0,0,0,0,0,0,0,0,0,455191,19,0,0,417831,6,0,0
32,32000,0.132144,0.355448,0.485873,34,815,2.32909e+06,867857,-25.0918,-24.879,-99,-99,867844,13,0,0,0,0,0,0,0,0,0,0,452055,9,0,0,415789,4,0,0
33,33000,0.137135,0.365455,0.49251,35,815,2.27342e+06,862866,-25.0918,-24.879,-99,-99,862855,11,0,0,0,0,0,0,0,0,0,0,450383,9,0,0,412472,2,0,0
34,34000,0.142886,0.377752,0.497079,75,815,2.57021e+06,857115,-25.0918,-24.879,-99,-99,857105,10,0,0,0,0,0,0,0,0,0,0,448417,7,0,0,408688,3,0,0
35,35000,0.147845,0.386587,0.500965,30,815,2.50655e+06,852156,-25.0918,-24.879,-99,-99,852148,8,0,0,0,0,0,0,0,0,0,0,444955,5,0,0,407193,3,0,0
36,36000,0.15321,0.39732,0.50651,40,815,2.31001e+06,846791,-25.0918,-24.879,-99,-99,846785,6,0,0,0,0,0,0,0,0,0,0,442036,2,0,0,404749,4,0,0
37,37000,0.158423,0.40771,0.506919,26,815,2.56016e+06,841578,-25.0918,-24.879,-99,-99,841567,11,0,0,0,0,0,0,0,0,0,0,441211,6,0,0,400356,5,0,0
38,38000,0.162527,0.415727,0.510676,40,815,2.64435e+06,837474,-25.0918,-24.7736,-99,-99,837456,18,0,0,0,0,0,0,0,0,0,0,439035,8,0,0,398421,10,0,0
39,39000,0.167468,0.425419,0.51525,14,815,2.45482e+06,832533,-25.0918,-24.8177,-99,-99,832529,4,0,0,0,0,0,0,0,0,0,0,437506,3,0,0,395023,1,0,0
40,40000,0.172593,0.434583,0.520604,10,815,3.30419e+06,827408,-25.0918,-24.879,-99,-99,827399,9,0,0,0,0,0,0,0,0,0,0,433731,6,0,0,393668,3,0,0
41,41000,0.176543,0.441537,0.524659,6,815,2.72959e+06,823458,-25.0918,-24.879,-99,-99,823451,7,0,0,0,0,0,0,0,0,0,0,432425,6,0,0,391026,1,0,0
42,42000,0.181531,0.450255,0.525134,11,815,2.95949e+06,818470,-25.0918,-26.3405,-99,-99,818466,4,0,0,0,0,0,0,0,0,0,0,429957,1,0,0,388509,3,0,0
43,43000,0.186282,0.45881,0.531527,10,815,3.15393e+06,813719,-25.0918,-24.879,-99,-99,813715,4,0,0,0,0,0,0,0,0,0,0,427149,4,0,0,386566,0,0,0
44,44000,0.189825,0.464245,0.533994,2,815,2.82249e+06,810176,-25.0918,-24.879,-99,-99,810169,7,0,0,0,0,0,0,0,0,0,0,426064,7,0,0,384105,0,0,0
45,45000,0.194275,0.472662,0.537486,4,815,2.89053e+06,805726,-25.0918,-24.879,-99,-99,805724,2,0,0,0,0,0,0,0,0,0,0,422616,1,0,0,383108,1,0,0
46,46000,0.198692,0.479936,0.538817,6,815,3.03035e+06,801309,-25.0918,-24.879,-99,-99,801299,10,0,0,0,0,0,0,0,0,0,0,420689,6,0,0,380610,4,0,0
47,47000,0.203264,0.486795,0.542518,3,815,3.21854e+06,796737,-25.0918,-24.879,-99,-99,796732,5,0,0,0,0,0,0,0,0,0,0,418069,2,0,0,378663,3,0,0
48,48000,0.207391,0.493065,0.546132,0,815,3.15534e+06,792610,-25.0918,-24.8121,-99,-99,792606,4,0,0,0,0,0,0,0,0,0,0,416424,1,0,0,376182,3,0,0
49,49000,0.212158,0.500111,0.547046,0,815,3.39754e+06,787843,-25.0918,-24.879,-99,-99,787840,3,0,0,0,0,0,0,0,0,0,0,413789,1,0,0,374051,2,0,0
50,50000,0.216017,0.506257,0.551678,2,815,3.25047e+06,783984,-25.0918,-24.879,-99,-99,783982,2,0,0,0,0,0,0,0,0,0,0,411518,0,0,0,372464,2,0,0
51,51000,0.219685,0.512308,0.556288,1,815,3.32047e+06,780316,-25.0918,-24.879,-99,-99,780304,12,0,0,0,0,0,0,0,0,0,0,409491,6,0,0,370813,6,0,0
52,52000,0.224605,0.519639,0.55639,2,815,3.35773e+06,775396,-25.0918,-24.879,-99,-99,775395,1,0,0,0,0,0,0,0,0,0,0,407476,1,0,0,367919,0,0,0
53,53000,0.227582,0.523237,0.55957,3,815,3.44679e+06,772419,-25.0918,-24.879,-99,-99,772413,6,0,0,0,0,0,0,0,0,0,0,406075,4,0,0,366338,2,0,0
54,54000,0.231467,0.528227,0.5623,1,815,3.73424e+06,768534,-25.0918,-24.879,-99,-99,768532,2,0,0,0,0,0,0,0,0,0,0,404868,0,0,0,363664,2,0,0
55,55000,0.235618,0.534184,0.564323,4,815,3.52036e+06,764383,-25.0918,-24.8121,-99,-99,764379,4,0,0,0,0,0,0,0,0,0,0,403478,2,0,0,360901,2,0,0
56,56000,0.238834,0.539585,0.567339,1,815,3.50011e+06,761167,-25.0918,-24.879,-99,-99,761163,4,0,0,0,0,0,0,0,0,0,0,401580,1,0,0,359583,3,0,0
57,57000,0.241884,0.542903,0.570577,0,815,3.7918e+06,758117,-25.0918,-24.879,-99,-99,758111,6,0,0,0,0,0,0,0,0,0,0,400798,4,0,0,357313,2,0,0
58,58000,0.245361,0.548773,0.571649,0,815,3.66296e+06,754640,-25.0918,-24.879,-99,-99,754634,6,0,0,0,0,0,0,0,0,0,0,398949,5,0,0,355685,1,0,0
59,59000,0.249631,0.553961,0.574178,0,815,3.81443e+06,750370,-25.0918,-24.879,-99,-99,750366,4,0,0,0,0,0,0,0,0,0,0,396877,3,0,0,353489,1,0,0
60,60000,0.251856,0.556703,0.578437,0,815,3.89817e+06,748145,-25.0918,-24.879,-99,-99,748140,5,0,0,0,0,0,0,0,0,0,0,395657,4,0,0,352483,1,0,0
61,61000,0.255994,0.560345,0.579686,2,815,3.9051e+06,744007,-25.0918,-24.879,-99,-99,744003,4,0,0,0,0,0,0,0,0,0,0,395173,2,0,0,348830,2,0,0
62,62000,0.258981,0.563976,0.583793,0,815,3.99059e+06,741020,-25.039,-24.879,-99,-99,741016,4,0,0,0,0,0,0,0,0,0,0,393928,1,0,0,347088,3,0,0
63,63000,0.262673,0.56959,0.586189,1,815,4.01116e+06,737328,-25.0918,-24.879,-99,-99,737325,3,0,0,0,0,0,0,0,0,0,0,391524,2,0,0,345801,1,0,0
64,64000,0.266028,0.573266,0.586494,1,815,3.99436e+06,733973,-25.0918,-24.879,-99,-99,733970,3,0,0,0,0,0,0,0,0,0,0,390135,2,0,0,343835,1,0,0
65,65000,0.269253,0.576372,0.589519,3,815,4.2362e+06,730748,-25.0918,-24.879,-99,-99,730740,8,0,0,0,0,0,0,0,0,0,0,388983,3,0,0,341757,5,0,0
66,66000,0.272089,0.580283,0.592529,3,815,4.15306e+06,727912,-25.0918,-24.879,-99,-99,727910,2,0,0,0,0,0,0,0,0,0,0,386984,2,0,0,340926,0,0,0
67,67000,0.27607,0.583307,0.594316,5,815,4.41627e+06,723931,-25.039,-24.879,-99,-99,723924,7,0,0,0,0,0,0,0,0,0,0,385045,6,0,0,338879,1,0,0
68,68000,0.278535,0.586449,0.596758,1,815,4.31232e+06,721466,-25.0918,-24.879,-99,-99,721462,4,0,0,0,0,0,0,0,0,0,0,384484,2,0,0,336978,2,0,0
69,69000,0.282343,0.589985,0.600232,2,815,4.1969e+06,717658,-25.0918,-24.8121,-99,-99,717655,3,0,0,0,0,0,0,0,0,0,0,382363,1,0,0,335292,2,0,0
70,70000,0.285058,0.591918,0.600417,0,815,4.2806e+06,714943,-25.0918,-24.879,-99,-99,714942,1,0,0,0,0,0,0,0,0,0,0,381902,1,0,0,333040,0,0,0
71,71000,0.288087,0.595296,0.603098,3,815,4.06587e+06,711914,-25.039,-24.879,-99,-99,711912,2,0,0,0,0,0,0,0,0,0,0,380641,2,0,0,331271,0,0,0
72,72000,0.291382,0.598571,0.605996,2,815,4.5181e+06,708619,-25.0918,-24.879,-99,-99,708615,4,0,0,0,0,0,0,0,0,0,0,379042,4,0,0,329573,0,0,0
73,73000,0.294327,0.601367,0.607407,0,815,3.90689e+06,705674,-25.0918,-24.8121,-99,-99,705672,2,0,0,0,0,0,0,0,0,0,0,376924,1,0,0,328748,1,0,0
74,74000,0.298176,0.605758,0.608785,0,856,4.58959e+06,701825,-25.0918,-24.879,-99,-99,701824,1,0,0,0,0,0,0,0,0,0,0,374206,0,0,0,327618,1,0,0
75,75000,0.301522,0.608091,0.611093,2,856,3.89238e+06,698479,-25.0918,-24.879,-99,-99,698475,4,0,0,0,0,0,0,0,0,0,0,372988,3,0,0,325487,1,0,0
76,76000,0.304796,0.611764,0.612462,4,856,4.66364e+06,695205,-25.039,-24.8121,-99,-99,695199,6,0,0,0,0,0,0,0,0,0,0,371729,4,0,0,323470,2,0,0
77,77000,0.307577,0.613825,0.614687,2,856,3.83192e+06,692424,-25.0918,-24.879,-99,-99,692422,2,0,0,0,0,0,0,0,0,0,0,370617,0,0,0,321805,2,0,0
78,78000,0.31054,0.616032,0.617014,0,856,4.7496e+06,689461,-25.039,-24.879,-99,-99,689457,4,0,0,0,0,0,0,0,0,0,0,367717,3,0,0,321740,1,0,0
79,79000,0.313977,0.618699,0.617936,2,856,4.01571e+06,686024,-25.0918,-24.8177,-99,-99,686016,8,0,0,0,0,0,0,0,0,0,0,367896,4,0,0,318120,4,0,0
80,80000,0.3174,0.622082,0.61799,3,856,4.76296e+06,682601,-25.039,-24.879,-99,-99,682597,4,0,0,0,0,0,0,0,0,0,0,365234,4,0,0,317363,0,0,0
81,81000,0.320448,0.624742,0.62157,2,856,4.17216e+06,679553,-25.039,-24.879,-99,-99,679549,4,0,0,0,0,0,0,0,0,0,0,363020,2,0,0,316529,2,0,0
82,82000,0.323483,0.62758,0.622668,1,856,4.75815e+06,676518,-25.0918,-24.879,-99,-99,676515,3,0,0,0,0,0,0,0,0,0,0,361013,2,0,0,315502,1,0,0
83,83000,0.32621,0.629616,0.623513,2,856,4.17078e+06,673791,-25.0918,-24.879,-99,-99,673786,5,0,0,0,0,0,0,0,0,0,0,359557,5,0,0,314229,0,0,0
84,84000,0.329623,0.632632,0.626056,0,856,4.9643e+06,670378,-25.039,-24.879,-99,-99,670373,5,0,0,0,0,0,0,0,0,0,0,357185,5,0,0,313188,0,0,0
85,85000,0.331856,0.634446,0.627623,0,856,4.42812e+06,668145,-25.0918,-24.879,-99,-99,668141,4,0,0,0,0,0,0,0,0,0,0,356099,2,0,0,312042,2,0,0
86,86000,0.334909,0.636393,0.628514,0,856,4.99859e+06,665092,-25.0918,-24.879,-99,-99,665089,3,0,0,0,0,0,0,0,0,0,0,354752,1,0,0,310337,2,0,0
87,87000,0.338812,0.640064,0.629683,1,856,4.80614e+06,661189,-25.0918,-99,-99,-99,661189,0,0,0,0,0,0,0,0,0,0,0,353270,0,0,0,307919,0,0,0
88,88000,0.341163,0.642617,0.632433,0,856,5.06973e+06,658838,-25.039,-24.879,-99,-99,658836,2,0,0,0,0,0,0,0,0,0,0,350592,1,0,0,308244,1,0,0
89,89000,0.344079,0.643884,0.633486,0,856,5.03864e+06,655922,-25.0918,-24.879,-99,-99,655917,5,0,0,0,0,0,0,0,0,0,0,349008,4,0,0,306909,1,0,0
90,90000,0.346563,0.645473,0.634984,1,856,4.93506e+06,653438,-25.0918,-24.879,-99,-99,653437,1,0,0,0,0,0,0,0,0,0,0,347448,1,0,0,305989,0,0,0
91,91000,0.3496,0.648074,0.635956,1,856,5.04092e+06,650401,-25.039,-24.879,-99,-99,650398,3,0,0,0,0,0,0,0,0,0,0,346057,1,0,0,304341,2,0,0
92,92000,0.352412,0.650594,0.637803,0,872,5.14149e+06,647589,-25.0918,-24.879,-99,-99,647584,5,0,0,0,0,0,0,0,0,0,0,345744,3,0,0,301840,2,0,0
93,93000,0.355285,0.653005,0.640594,0,872,5.00097e+06,644716,-25.0918,-24.879,-99,-99,644709,7,0,0,0,0,0,0,0,0,0,0,342657,4,0,0,302052,3,0,0
94,94000,0.357335,0.654711,0.641452,0,872,5.25076e+06,642666,-25.039,-24.879,-99,-99,642663,3,0,0,0,0,0,0,0,0,0,0,342209,1,0,0,300454,2,0,0
95,95000,0.359835,0.656184,0.64245,2,872,4.98355e+06,640166,-25.0918,-24.879,-99,-99,640163,3,0,0,0,0,0,0,0,0,0,0,340160,2,0,0,300003,1,0,0
96,96000,0.362471,0.659051,0.643651,0,872,5.22494e+06,637530,-25.039,-24.9184,-99,-99,637529,1,0,0,0,0,0,0,0,0,0,0,338365,0,0,0,299164,1,0,0
97,97000,0.365213,0.660724,0.64524,1,872,5.00439e+06,634788,-25.0918,-24.879,-99,-99,634781,7,0,0,0,0,0,0,0,0,0,0,337075,3,0,0,297706,4,0,0
98,98000,0.367111,0.662678,0.644922,0,872,5.42832e+06,632890,-25.0918,-24.879,-99,-99,632882,8,0,0,0,0,0,0,0,0,0,0,335931,3,0,0,296951,5,0,0
99,99000,0.369831,0.66514,0.645664,0,872,4.8594e+06,630170,-25.0918,-24.879,-99,-99,630165,5,0,0,0,0,0,0,0,0,0,0,334514,3,0,0,295651,2,0,0
100,100000,0.372802,0.666466,0.649052,1,872,5.35229e+06,627199,-25.0918,-24.879,-99,-99,627197,2,0,0,0,0,0,0,0,0,0,0,331853,1,0,0,295344,1,0,0
