erlang_index,erlang,general_blocking,BBP,Total_current_utilization,Blocked_by_XT,Ruta_mas_larga,tiempo_transcurrido,conexiones_exitosas,Max_XT_for_modulation_16QAM,Max_XT_for_modulation_8QAM,Max_XT_for_modulation_QPSK,Max_XT_for_modulation_BPSK,conexiones_exitosas_con_16QAM,conexiones_exitosas_con_8QAM,conexiones_exitosas_con_QPSK,conexiones_exitosas_con_BPSK,modulaciones_usadas_en_banda_E_con_16QAM,modulaciones_usadas_en_banda_E_con_8QAM,modulaciones_usadas_en_banda_E_con_QPSK,modulaciones_usadas_en_banda_E_con_BPSK,modulaciones_usadas_en_banda_S_con_16QAM,modulaciones_usadas_en_banda_S_con_8QAM,modulaciones_usadas_en_banda_S_con_QPSK,modulaciones_usadas_en_banda_S_con_BPSK,modulaciones_usadas_en_banda_L_con_16QAM,modulaciones_usadas_en_banda_L_con_8QAM,modulaciones_usadas_en_banda_L_con_QPSK,modulaciones_usadas_en_banda_L_con_BPSK,modulaciones_usadas_en_banda_C_con_16QAM,modulaciones_usadas_en_banda_C_con_8QAM,modulaciones_usadas_en_banda_C_con_QPSK,modulaciones_usadas_en_banda_C_con_BPSK
1,1000,0,0,0.0271914,0,1201,95459.2,1000001,-36.2415,-99,-99,-99,1e+06,0,0,0,0,0,0,0,0,0,0,0,568543,0,0,0,431458,0,0,0
2,2000,0,0,0.0529612,0,1201,145611,1000001,-32.3819,-99,-99,-99,1e+06,0,0,0,0,0,0,0,0,0,0,0,535026,0,0,0,464975,0,0,0
3,3000,0,0,0.076432,0,1201,198022,1000001,-31.47,-99,-99,-99,1e+06,0,0,0,0,0,0,0,0,0,0,0,511853,0,0,0,488148,0,0,0
4,4000,0,0,0.100076,0,1201,254614,1000001,-31.47,-99,-99,-99,1e+06,0,0,0,0,0,0,0,0,0,0,0,503841,0,0,0,496160,0,0,0
5,5000,0,0,0.1244,0,1201,298814,1000001,-31.47,-99,-99,-99,1e+06,0,0,0,0,0,0,0,0,0,0,0,494618,0,0,0,505383,0,0,0
6,6000,0,0,0.148807,0,1201,362276,1000001,-31.47,-99,-99,-99,1e+06,0,0,0,0,0,0,0,0,0,0,0,495184,0,0,0,504817,0,0,0
7,7000,0,0,0.173048,0,1201,425398,1000001,-26.8521,-99,-99,-99,1e+06,0,0,0,0,0,0,0,0,0,0,0,498219,0,0,0,501782,0,0,0
8,8000,0,0,0.196515,0,1201,497495,1000001,-25.3906,-23.9299,-99,-99,999984,17,0,0,0,0,0,0,0,0,0,0,501134,17,0,0,498850,0,0,0
9,9000,0,0,0.220836,0,1201,578508,1000001,-25.3906,-23.3996,-99,-99,999841,160,0,0,0,0,0,0,0,0,0,0,503137,140,0,0,496704,20,0,0
10,10000,0,0,0.245915,0,1201,630231,1000001,-25.3906,-23.3996,-99,-99,998800,1201,0,0,0,0,0,0,0,0,0,0,503699,787,0,0,495101,414,0,0
11,11000,4e-06,1.25342e-05,0.270919,0,1201,710789,999997,-25.0158,-23.3996,-99,-99,998713,1284,0,0,0,0,0,0,0,0,0,0,507499,728,0,0,491214,556,0,0
12,12000,0.000519999,0.00162945,0.300212,189,1201,783420,999481,-25.0158,-22.974,-99,-99,997705,1776,0,0,0,0,0,0,0,0,0,0,507701,1085,0,0,490004,691,0,0
13,13000,0.004906,0.0153732,0.321078,1597,1263,852258,995095,-25.0158,-22.974,-99,-99,992802,2293,0,0,0,0,0,0,0,0,0,0,506050,1393,0,0,486752,900,0,0
14,14000,0.0113,0.0354092,0.337819,3369,1263,954028,988701,-25.0158,-22.974,-99,-99,986350,2351,0,0,0,0,0,0,0,0,0,0,503342,1289,0,0,483008,1062,0,0
15,15000,0.019652,0.0615807,0.352108,4237,1263,1.03176e+06,980349,-25.0158,-22.974,-99,-99,978462,1887,0,0,0,0,0,0,0,0,0,0,500605,1007,0,0,477857,880,0,0
16,16000,0.027658,0.086668,0.365139,4863,1325,1.07704e+06,972343,-25.0158,-22.6229,-99,-99,970102,2241,0,0,0,0,0,0,0,0,0,0,494286,1311,0,0,475816,930,0,0
17,17000,0.035053,0.109841,0.379161,5484,1325,1.14525e+06,964948,-25.0158,-22.6229,-99,-99,962582,2366,0,0,0,0,0,0,0,0,0,0,490359,1537,0,0,472223,829,0,0
18,18000,0.041944,0.131434,0.392465,5747,1325,1.21373e+06,958057,-25.0158,-22.6229,-99,-99,955501,2556,0,0,0,0,0,0,0,0,0,0,488924,1576,0,0,466577,980,0,0
19,19000,0.048058,0.150593,0.404279,6161,1325,1.27228e+06,951943,-25.0158,-22.6229,-99,-99,949164,2779,0,0,0,0,0,0,0,0,0,0,487737,1706,0,0,461427,1073,0,0
20,20000,0.0535559,0.167821,0.415912,6251,1325,1.29783e+06,946445,-25.0158,-22.6229,-99,-99,943498,2947,0,0,0,0,0,0,0,0,0,0,487193,1865,0,0,456305,1082,0,0
21,21000,0.0587889,0.184219,0.426668,6737,1325,1.33791e+06,941212,-25.0158,-22.6229,-99,-99,938132,3080,0,0,0,0,0,0,0,0,0,0,487259,1882,0,0,450873,1198,0,0
22,22000,0.0639879,0.20051,0.438433,6696,1325,1.44785e+06,936013,-25.0158,-22.6229,-99,-99,932591,3422,0,0,0,0,0,0,0,0,0,0,486824,2031,0,0,445767,1391,0,0
23,23000,0.0694019,0.217475,0.450003,6879,1325,1.5199e+06,930599,-25.0158,-22.6229,-99,-99,927357,3242,0,0,0,0,0,0,0,0,0,0,486881,1920,0,0,440476,1322,0,0
24,24000,0.0741569,0.232375,0.461092,7567,1325,1.62193e+06,925844,-25.0158,-22.6229,-99,-99,922233,3611,0,0,0,0,0,0,0,0,0,0,485132,2225,0,0,437101,1386,0,0
25,25000,0.0787679,0.246819,0.467611,7933,1325,1.61899e+06,921233,-25.0158,-22.6229,-99,-99,917604,3629,0,0,0,0,0,0,0,0,0,0,483464,2229,0,0,434140,1400,0,0
26,26000,0.0829559,0.259923,0.478284,8133,1325,1.63079e+06,917045,-25.0158,-22.5434,-99,-99,913116,3929,0,0,0,0,0,0,0,0,0,0,482641,2331,0,0,430475,1598,0,0
27,27000,0.0868829,0.27222,0.486807,7545,1325,1.69954e+06,913118,-25.0158,-22.6229,-99,-99,909187,3931,0,0,0,0,0,0,0,0,0,0,481030,2320,0,0,428157,1611,0,0
28,28000,0.0907079,0.284215,0.49508,7803,1325,1.77306e+06,909293,-25.0158,-22.6229,-99,-99,905650,3643,0,0,0,0,0,0,0,0,0,0,480534,1992,0,0,425116,1651,0,0
29,29000,0.0934839,0.292889,0.506047,7537,1325,1.78111e+06,906517,-25.0158,-22.5434,-99,-99,903081,3436,0,0,0,0,0,0,0,0,0,0,479978,1940,0,0,423103,1496,0,0
30,30000,0.0967949,0.303227,0.515752,7371,1325,1.93659e+06,903206,-25.0158,-22.6229,-99,-99,899761,3445,0,0,0,0,0,0,0,0,0,0,479038,1996,0,0,420723,1449,0,0
31,31000,0.0995379,0.311599,0.525496,7769,1325,1.96443e+06,900463,-25.0158,-22.6229,-99,-99,896794,3669,0,0,0,0,0,0,0,0,0,0,477671,2169,0,0,419123,1500,0,0
32,32000,0.10239,0.320161,0.533703,7512,1325,1.94788e+06,897611,-25.0158,-22.6229,-99,-99,893662,3949,0,0,0,0,0,0,0,0,0,0,476507,2290,0,0,417155,1659,0,0
33,33000,0.105702,0.329338,0.53957,6901,1325,1.96472e+06,894299,-25.0158,-22.6229,-99,-99,890129,4170,0,0,0,0,0,0,0,0,0,0,474370,2574,0,0,415759,1596,0,0
34,34000,0.108899,0.338142,0.545631,7144,1350,2.19823e+06,891102,-25.0158,-22.6229,-99,-99,886947,4155,0,0,0,0,0,0,0,0,0,0,474340,2513,0,0,412607,1642,0,0
35,35000,0.112756,0.349162,0.552954,7121,1350,2.12666e+06,887245,-25.0158,-22.6229,-99,-99,882781,4464,0,0,0,0,0,0,0,0,0,0,469896,2753,0,0,412885,1711,0,0
36,36000,0.115551,0.356534,0.560038,7232,1350,2.27202e+06,884450,-25.0158,-22.6229,-99,-99,879835,4615,0,0,0,0,0,0,0,0,0,0,469364,2762,0,0,410471,1853,0,0
37,37000,0.119528,0.36697,0.564955,7223,1388,2.59075e+06,880473,-25.0158,-22.4622,-99,-99,875975,4498,0,0,0,0,0,0,0,0,0,0,469009,2743,0,0,406966,1755,0,0
38,38000,0.122051,0.373731,0.57138,7119,1388,2.48984e+06,877950,-25.0158,-22.6229,-99,-99,873237,4713,0,0,0,0,0,0,0,0,0,0,467492,2810,0,0,405745,1903,0,0
39,39000,0.126197,0.384529,0.578807,7174,1388,2.34477e+06,873804,-25.0158,-22.4622,-99,-99,869070,4734,0,0,0,0,0,0,0,0,0,0,465813,2852,0,0,403257,1882,0,0
40,40000,0.129048,0.391352,0.582628,7484,1388,2.48099e+06,870953,-25.0158,-22.4622,-99,-99,866063,4890,0,0,0,0,0,0,0,0,0,0,464497,2959,0,0,401566,1931,0,0
41,41000,0.133361,0.402079,0.589026,7772,1388,2.45452e+06,866640,-25.0158,-22.4622,-99,-99,861863,4777,0,0,0,0,0,0,0,0,0,0,462441,2909,0,0,399422,1868,0,0
42,42000,0.136155,0.40996,0.594345,7142,1388,2.40323e+06,863846,-25.0158,-22.4622,-99,-99,858712,5134,0,0,0,0,0,0,0,0,0,0,462382,3058,0,0,396330,2076,0,0
43,43000,0.13903,0.417065,0.600267,7158,1388,2.44539e+06,860971,-25.0158,-22.4622,-99,-99,855779,5192,0,0,0,0,0,0,0,0,0,0,462714,3051,0,0,393065,2141,0,0
44,44000,0.14233,0.424299,0.60794,7707,1388,2.45204e+06,857671,-25.0158,-22.4622,-99,-99,852511,5160,0,0,0,0,0,0,0,0,0,0,461391,3201,0,0,391120,1959,0,0
45,45000,0.145637,0.432692,0.611012,7572,1388,2.51172e+06,854364,-25.0158,-22.4622,-99,-99,849074,5290,0,0,0,0,0,0,0,0,0,0,459928,3307,0,0,389146,1983,0,0
46,46000,0.149461,0.441439,0.614469,8602,1388,2.55582e+06,850540,-25.0158,-22.4622,-99,-99,844907,5633,0,0,0,0,0,0,0,0,0,0,459542,3437,0,0,385365,2196,0,0
47,47000,0.15214,0.448009,0.622524,8080,1388,2.69087e+06,847861,-25.0158,-22.4622,-99,-99,841969,5892,0,0,0,0,0,0,0,0,0,0,456529,3663,0,0,385440,2229,0,0
48,48000,0.154625,0.452838,0.62906,8432,1388,2.64359e+06,845376,-25.0158,-22.4622,-99,-99,839246,6130,0,0,0,0,0,0,0,0,0,0,456614,3847,0,0,382632,2283,0,0
49,49000,0.158002,0.460831,0.630475,8761,1388,2.92821e+06,841999,-25.0158,-22.4622,-99,-99,835325,6674,0,0,0,0,0,0,0,0,0,0,455235,4221,0,0,380090,2453,0,0
50,50000,0.160924,0.467101,0.635992,8469,1388,3.66185e+06,839077,-25.0158,-22.4622,-99,-99,832347,6730,0,0,0,0,0,0,0,0,0,0,453372,4241,0,0,378975,2489,0,0
51,51000,0.163566,0.472778,0.64361,8429,1388,2.84851e+06,836435,-25.0158,-22.4622,-99,-99,829211,7224,0,0,0,0,0,0,0,0,0,0,450920,4635,0,0,378291,2589,0,0
52,52000,0.166875,0.479489,0.64552,9162,1388,2.90957e+06,833126,-25.01,-22.4622,-99,-99,825731,7395,0,0,0,0,0,0,0,0,0,0,449950,4659,0,0,375781,2736,0,0
53,53000,0.169803,0.485311,0.652573,9467,1388,2.98744e+06,830198,-25.0158,-22.4622,-99,-99,822549,7649,0,0,0,0,0,0,0,0,0,0,447757,4731,0,0,374792,2918,0,0
54,54000,0.17268,0.490281,0.655707,10148,1388,3.25786e+06,827321,-25.0158,-22.4622,-99,-99,819537,7784,0,0,0,0,0,0,0,0,0,0,446802,4835,0,0,372735,2949,0,0
55,55000,0.176003,0.496864,0.661054,10211,1388,3.17587e+06,823998,-25.0158,-22.4622,-99,-99,816076,7922,0,0,0,0,0,0,0,0,0,0,444824,4972,0,0,371252,2950,0,0
56,56000,0.179328,0.50304,0.66673,9911,1388,3.16328e+06,820673,-25.0158,-22.4622,-99,-99,812238,8435,0,0,0,0,0,0,0,0,0,0,443244,5406,0,0,368994,3029,0,0
57,57000,0.181964,0.507076,0.669036,10420,1388,3.28045e+06,818037,-25.0158,-22.4622,-99,-99,809287,8750,0,0,0,0,0,0,0,0,0,0,441050,5658,0,0,368237,3092,0,0
58,58000,0.18547,0.513884,0.673273,10880,1388,3.9116e+06,814531,-25.0158,-22.6229,-99,-99,805839,8692,0,0,0,0,0,0,0,0,0,0,439858,5571,0,0,365981,3121,0,0
59,59000,0.188261,0.518955,0.675492,10964,1388,3.8274e+06,811740,-25.0158,-22.583,-99,-99,803241,8499,0,0,0,0,0,0,0,0,0,0,438296,5494,0,0,364945,3005,0,0
60,60000,0.191603,0.524518,0.680371,10402,1388,3.40658e+06,808398,-25.0158,-22.4622,-99,-99,799412,8986,0,0,0,0,0,0,0,0,0,0,438295,5933,0,0,361117,3053,0,0
61,61000,0.194599,0.529829,0.683339,10213,1388,3.57466e+06,805402,-25.0158,-22.4622,-99,-99,796371,9031,0,0,0,0,0,0,0,0,0,0,435428,5618,0,0,360943,3413,0,0
62,62000,0.1988,0.537359,0.686883,12155,1388,3.54783e+06,801201,-25.0158,-22.4622,-99,-99,791743,9458,0,0,0,0,0,0,0,0,0,0,434612,5931,0,0,357131,3527,0,0
63,63000,0.201192,0.542066,0.686914,10883,1388,3.7175e+06,798809,-25.0158,-22.4622,-99,-99,789361,9448,0,0,0,0,0,0,0,0,0,0,433427,6143,0,0,355934,3305,0,0
64,64000,0.204402,0.547692,0.691841,11054,1388,3.64467e+06,795599,-25.0158,-22.6229,-99,-99,786204,9395,0,0,0,0,0,0,0,0,0,0,434288,5866,0,0,351916,3529,0,0
65,65000,0.207324,0.551769,0.693318,11183,1388,3.72943e+06,792677,-25.0158,-22.6229,-99,-99,783073,9604,0,0,0,0,0,0,0,0,0,0,431311,6165,0,0,351762,3439,0,0
66,66000,0.209049,0.554754,0.696196,10981,1388,3.54052e+06,790952,-25.0158,-22.6262,-99,-99,781419,9533,0,0,0,0,0,0,0,0,0,0,429959,6025,0,0,351460,3508,0,0
67,67000,0.212903,0.561714,0.699979,10953,1388,3.84872e+06,787098,-25.0158,-22.4622,-99,-99,777609,9489,0,0,0,0,0,0,0,0,0,0,429840,5925,0,0,347769,3564,0,0
68,68000,0.216,0.566847,0.701397,11530,1388,3.66074e+06,784001,-25.0158,-22.6229,-99,-99,774182,9819,0,0,0,0,0,0,0,0,0,0,429798,6379,0,0,344384,3440,0,0
69,69000,0.2191,0.571763,0.703478,11049,1388,3.9699e+06,780901,-25.0158,-22.6229,-99,-99,771288,9613,0,0,0,0,0,0,0,0,0,0,427782,5966,0,0,343506,3647,0,0
70,70000,0.22143,0.57531,0.703974,10810,1388,3.7777e+06,778571,-25.01,-22.6229,-99,-99,768818,9753,0,0,0,0,0,0,0,0,0,0,426952,6139,0,0,341866,3614,0,0
71,71000,0.224243,0.579845,0.706883,10051,1388,4.05357e+06,775758,-25.0158,-22.6229,-99,-99,766298,9460,0,0,0,0,0,0,0,0,0,0,425119,5983,0,0,341179,3477,0,0
72,72000,0.226791,0.583724,0.709587,9619,1388,3.93205e+06,773210,-25.0158,-22.6229,-99,-99,763708,9502,0,0,0,0,0,0,0,0,0,0,424177,5995,0,0,339531,3507,0,0
73,73000,0.229023,0.587082,0.713221,10394,1388,4.17344e+06,770978,-25.0158,-22.583,-99,-99,761696,9282,0,0,0,0,0,0,0,0,0,0,424353,5888,0,0,337343,3394,0,0
74,74000,0.231661,0.591467,0.718883,10934,1388,4.16196e+06,768340,-25.0158,-22.6262,-99,-99,758745,9595,0,0,0,0,0,0,0,0,0,0,424400,6051,0,0,334345,3544,0,0
75,75000,0.234687,0.59631,0.715707,9829,1388,4.32411e+06,765314,-25.0158,-22.583,-99,-99,755599,9715,0,0,0,0,0,0,0,0,0,0,421771,6236,0,0,333828,3479,0,0
76,76000,0.237259,0.600584,0.721304,9877,1388,4.20222e+06,762742,-25.0158,-22.583,-99,-99,753071,9671,0,0,0,0,0,0,0,0,0,0,421687,6036,0,0,331384,3635,0,0
77,77000,0.239608,0.604644,0.722791,10169,1388,4.4776e+06,760393,-25.0158,-22.6229,-99,-99,750876,9517,0,0,0,0,0,0,0,0,0,0,421292,6056,0,0,329584,3461,0,0
78,78000,0.242534,0.607726,0.723727,8692,1388,4.58579e+06,757467,-25.0158,-22.4622,-99,-99,747625,9842,0,0,0,0,0,0,0,0,0,0,418786,6310,0,0,328839,3532,0,0
79,79000,0.244952,0.611938,0.724657,9020,1388,4.61309e+06,755049,-25.0158,-22.583,-99,-99,745207,9842,0,0,0,0,0,0,0,0,0,0,419133,6244,0,0,326074,3598,0,0
80,80000,0.2476,0.6165,0.727451,8981,1388,4.71546e+06,752401,-25.0158,-22.5434,-99,-99,742546,9855,0,0,0,0,0,0,0,0,0,0,418213,6130,0,0,324333,3725,0,0
81,81000,0.249545,0.619029,0.731016,8402,1388,4.57568e+06,750456,-25.0158,-22.583,-99,-99,740336,10120,0,0,0,0,0,0,0,0,0,0,415789,6311,0,0,324547,3809,0,0
82,82000,0.252121,0.623225,0.731293,10200,1388,4.83621e+06,747880,-25.0158,-22.583,-99,-99,737810,10070,0,0,0,0,0,0,0,0,0,0,416116,6021,0,0,321694,4049,0,0
83,83000,0.253679,0.62382,0.736359,8697,1388,4.74641e+06,746322,-25.0158,-22.583,-99,-99,735831,10491,0,0,0,0,0,0,0,0,0,0,413417,6409,0,0,322414,4082,0,0
84,84000,0.256554,0.627952,0.738013,8485,1388,4.90845e+06,743447,-25.0158,-22.4622,-99,-99,733375,10072,0,0,0,0,0,0,0,0,0,0,412894,5958,0,0,320481,4114,0,0
85,85000,0.259352,0.632502,0.74061,7963,1388,4.58762e+06,740649,-25.0158,-22.583,-99,-99,730351,10298,0,0,0,0,0,0,0,0,0,0,411133,6302,0,0,319218,3996,0,0
86,86000,0.261877,0.635817,0.744313,7642,1388,4.98043e+06,738124,-25.0158,-22.583,-99,-99,727675,10449,0,0,0,0,0,0,0,0,0,0,410109,6305,0,0,317566,4144,0,0
87,87000,0.263992,0.638526,0.744761,7647,1388,4.75785e+06,736009,-25.0158,-22.583,-99,-99,725507,10502,0,0,0,0,0,0,0,0,0,0,410392,6484,0,0,315115,4018,0,0
88,88000,0.26617,0.641949,0.746061,8335,1388,5.11518e+06,733831,-25.0158,-22.4622,-99,-99,723720,10111,0,0,0,0,0,0,0,0,0,0,408556,6226,0,0,315164,3885,0,0
89,89000,0.267906,0.642888,0.7475,8002,1388,4.95649e+06,732095,-25.0158,-22.583,-99,-99,721473,10622,0,0,0,0,0,0,0,0,0,0,407340,6556,0,0,314133,4066,0,0
90,90000,0.271036,0.647726,0.749851,8427,1388,5.31083e+06,728965,-25.0158,-22.583,-99,-99,718631,10334,0,0,0,0,0,0,0,0,0,0,404325,6268,0,0,314306,4066,0,0
91,91000,0.27297,0.650608,0.750274,8121,1388,5.13228e+06,727031,-25.0158,-22.583,-99,-99,716878,10153,0,0,0,0,0,0,0,0,0,0,403103,6082,0,0,313775,4071,0,0
92,92000,0.275345,0.653838,0.75292,6760,1388,5.31712e+06,724656,-25.0158,-22.583,-99,-99,714460,10196,0,0,0,0,0,0,0,0,0,0,401770,6016,0,0,312690,4180,0,0
93,93000,0.277577,0.655961,0.75527,6563,1388,5.26652e+06,722424,-25.0158,-22.583,-99,-99,712446,9978,0,0,0,0,0,0,0,0,0,0,399733,5938,0,0,312713,4040,0,0
94,94000,0.279148,0.656841,0.75974,7169,1388,5.44865e+06,720853,-25.0158,-22.583,-99,-99,710760,10093,0,0,0,0,0,0,0,0,0,0,397895,6006,0,0,312865,4087,0,0
95,95000,0.282047,0.661643,0.759556,7137,1388,5.38701e+06,717954,-25.0158,-22.6229,-99,-99,708011,9943,0,0,0,0,0,0,0,0,0,0,397580,6015,0,0,310431,3928,0,0
96,96000,0.283872,0.663322,0.76181,7571,1388,5.29326e+06,716129,-25.0158,-22.583,-99,-99,706155,9974,0,0,0,0,0,0,0,0,0,0,395696,6085,0,0,310459,3889,0,0
97,97000,0.285919,0.664791,0.764757,7145,1388,5.62116e+06,714082,-25.0158,-22.583,-99,-99,704231,9851,0,0,0,0,0,0,0,0,0,0,394397,5936,0,0,309834,3915,0,0
98,98000,0.287722,0.667224,0.766571,6532,1463,5.36138e+06,712279,-25.0158,-22.4622,-99,-99,702596,9683,0,0,0,0,0,0,0,0,0,0,392877,5719,0,0,309719,3964,0,0
99,99000,0.290431,0.670164,0.766397,6903,1463,5.57894e+06,709570,-25.0158,-22.583,-99,-99,699720,9850,0,0,0,0,0,0,0,0,0,0,391730,5944,0,0,307990,3906,0,0
100,100000,0.292019,0.672536,0.769026,7209,1463,5.4319e+06,707982,-25.0158,-22.4622,-99,-99,697975,10007,0,0,0,0,0,0,0,0,0,0,390644,5972,0,0,307331,4035,0,0
erlang_index,erlang,general_blocking,BBP,Total_current_utilization,Blocked_by_XT,Ruta_mas_larga,tiempo_transcurrido,conexiones_exitosas,Max_XT_for_modulation_16QAM,Max_XT_for_modulation_8QAM,Max_XT_for_modulation_QPSK,Max_XT_for_modulation_BPSK,conexiones_exitosas_con_16QAM,conexiones_exitosas_con_8QAM,conexiones_exitosas_con_QPSK,conexiones_exitosas_con_BPSK,modulaciones_usadas_en_banda_E_con_16QAM,modulaciones_usadas_en_banda_E_con_8QAM,modulaciones_usadas_en_banda_E_con_QPSK,modulaciones_usadas_en_banda_E_con_BPSK,modulaciones_usadas_en_banda_S_con_16QAM,modulaciones_usadas_en_banda_S_con_8QAM,modulaciones_usadas_en_banda_S_con_QPSK,modulaciones_usadas_en_banda_S_con_BPSK,modulaciones_usadas_en_banda_L_con_16QAM,modulaciones_usadas_en_banda_L_con_8QAM,modulaciones_usadas_en_banda_L_con_QPSK,modulaciones_usadas_en_banda_L_con_BPSK,modulaciones_usadas_en_banda_C_con_16QAM,modulaciones_usadas_en_banda_C_con_8QAM,modulaciones_usadas_en_banda_C_con_QPSK,modulaciones_usadas_en_banda_C_con_BPSK
1,1000,0,0,0.0271914,0,1201,95228.4,1000001,-36.2415,-99,-99,-99,1e+06,0,0,0,0,0,0,0,0,0,0,0,568543,0,0,0,431458,0,0,0
2,2000,0,0,0.0529612,0,1201,145554,1000001,-32.3819,-99,-99,-99,1e+06,0,0,0,0,0,0,0,0,0,0,0,535026,0,0,0,464975,0,0,0
3,3000,0,0,0.076432,0,1201,197135,1000001,-31.47,-99,-99,-99,1e+06,0,0,0,0,0,0,0,0,0,0,0,511853,0,0,0,488148,0,0,0
4,4000,0,0,0.100076,0,1201,258217,1000001,-31.47,-99,-99,-99,1e+06,0,0,0,0,0,0,0,0,0,0,0,503841,0,0,0,496160,0,0,0
5,5000,0,0,0.1244,0,1201,312875,1000001,-31.47,-99,-99,-99,1e+06,0,0,0,0,0,0,0,0,0,0,0,494618,0,0,0,505383,0,0,0
6,6000,0,0,0.148807,0,1201,380053,1000001,-31.47,-99,-99,-99,1e+06,0,0,0,0,0,0,0,0,0,0,0,495184,0,0,0,504817,0,0,0
7,7000,0,0,0.173048,0,1201,437118,1000001,-26.8521,-99,-99,-99,1e+06,0,0,0,0,0,0,0,0,0,0,0,498219,0,0,0,501782,0,0,0
8,8000,0,0,0.196515,0,1201,493288,1000001,-25.3906,-23.9299,-99,-99,999984,17,0,0,0,0,0,0,0,0,0,0,501134,17,0,0,498850,0,0,0
9,9000,0,0,0.220836,0,1201,564287,1000001,-25.3906,-23.3996,-99,-99,999841,160,0,0,0,0,0,0,0,0,0,0,503137,140,0,0,496704,20,0,0
10,10000,0,0,0.245915,0,1201,641783,1000001,-25.3906,-23.3996,-99,-99,998800,1201,0,0,0,0,0,0,0,0,0,0,503699,787,0,0,495101,414,0,0
11,11000,4e-06,1.25342e-05,0.270919,0,1201,695538,999997,-25.0158,-23.3996,-99,-99,998713,1284,0,0,0,0,0,0,0,0,0,0,507499,728,0,0,491214,556,0,0
12,12000,0.000519999,0.00162945,0.300212,1,1201,771327,999481,-25.0158,-22.974,-99,-99,997705,1776,0,0,0,0,0,0,0,0,0,0,507701,1085,0,0,490004,691,0,0
13,13000,0.004906,0.0153732,0.321078,3,1263,838186,995095,-25.0158,-22.974,-99,-99,992802,2293,0,0,0,0,0,0,0,0,0,0,506050,1393,0,0,486752,900,0,0
14,14000,0.0113,0.0354092,0.337819,0,1263,937293,988701,-25.0158,-22.974,-99,-99,986350,2351,0,0,0,0,0,0,0,0,0,0,503342,1289,0,0,483008,1062,0,0
15,15000,0.019652,0.0615807,0.352108,1,1263,982156,980349,-25.0158,-22.974,-99,-99,978462,1887,0,0,0,0,0,0,0,0,0,0,500605,1007,0,0,477857,880,0,0
16,16000,0.027658,0.086668,0.365139,0,1325,1.05931e+06,972343,-25.0158,-22.6229,-99,-99,970102,2241,0,0,0,0,0,0,0,0,0,0,494286,1311,0,0,475816,930,0,0
17,17000,0.035053,0.109841,0.379161,0,1325,1.11455e+06,964948,-25.0158,-22.6229,-99,-99,962582,2366,0,0,0,0,0,0,0,0,0,0,490359,1537,0,0,472223,829,0,0
18,18000,0.041944,0.131434,0.392465,1,1325,1.17218e+06,958057,-25.0158,-22.6229,-99,-99,955501,2556,0,0,0,0,0,0,0,0,0,0,488924,1576,0,0,466577,980,0,0
19,19000,0.048058,0.150593,0.404279,3,1325,1.22869e+06,951943,-25.0158,-22.6229,-99,-99,949164,2779,0,0,0,0,0,0,0,0,0,0,487737,1706,0,0,461427,1073,0,0
20,20000,0.0535559,0.167821,0.415912,0,1325,1.28431e+06,946445,-25.0158,-22.6229,-99,-99,943498,2947,0,0,0,0,0,0,0,0,0,0,487193,1865,0,0,456305,1082,0,0
21,21000,0.0587889,0.184219,0.426668,1,1325,1.33453e+06,941212,-25.0158,-22.6229,-99,-99,938132,3080,0,0,0,0,0,0,0,0,0,0,487259,1882,0,0,450873,1198,0,0
22,22000,0.0639879,0.20051,0.438433,8,1325,1.38764e+06,936013,-25.0158,-22.6229,-99,-99,932591,3422,0,0,0,0,0,0,0,0,0,0,486824,2031,0,0,445767,1391,0,0
23,23000,0.0694019,0.217475,0.450003,14,1325,1.48738e+06,930599,-25.0158,-22.6229,-99,-99,927357,3242,0,0,0,0,0,0,0,0,0,0,486881,1920,0,0,440476,1322,0,0
24,24000,0.0741569,0.232375,0.461092,2,1325,1.52921e+06,925844,-25.0158,-22.6229,-99,-99,922233,3611,0,0,0,0,0,0,0,0,0,0,485132,2225,0,0,437101,1386,0,0
25,25000,0.0787679,0.246819,0.467611,0,1325,1.55736e+06,921233,-25.0158,-22.6229,-99,-99,917604,3629,0,0,0,0,0,0,0,0,0,0,483464,2229,0,0,434140,1400,0,0
26,26000,0.0829559,0.259923,0.478284,0,1325,1.63438e+06,917045,-25.0158,-22.5434,-99,-99,913116,3929,0,0,0,0,0,0,0,0,0,0,482641,2331,0,0,430475,1598,0,0
27,27000,0.0868829,0.27222,0.486807,0,1325,1.74665e+06,913118,-25.0158,-22.6229,-99,-99,909187,3931,0,0,0,0,0,0,0,0,0,0,481030,2320,0,0,428157,1611,0,0
28,28000,0.0907079,0.284215,0.49508,0,1325,1.76231e+06,909293,-25.0158,-22.6229,-99,-99,905650,3643,0,0,0,0,0,0,0,0,0,0,480534,1992,0,0,425116,1651,0,0
29,29000,0.0934839,0.292889,0.506047,0,1325,1.83465e+06,906517,-25.0158,-22.5434,-99,-99,903081,3436,0,0,0,0,0,0,0,0,0,0,479978,1940,0,0,423103,1496,0,0
30,30000,0.0967949,0.303227,0.515752,1,1325,1.85244e+06,903206,-25.0158,-22.6229,-99,-99,899761,3445,0,0,0,0,0,0,0,0,0,0,479038,1996,0,0,420723,1449,0,0
31,31000,0.0995379,0.311599,0.525496,0,1325,2.05046e+06,900463,-25.0158,-22.6229,-99,-99,896794,3669,0,0,0,0,0,0,0,0,0,0,477671,2169,0,0,419123,1500,0,0
32,32000,0.10239,0.320161,0.533703,6,1325,2.07342e+06,897611,-25.0158,-22.6229,-99,-99,893662,3949,0,0,0,0,0,0,0,0,0,0,476507,2290,0,0,417155,1659,0,0
33,33000,0.105702,0.329338,0.53957,0,1325,2.14762e+06,894299,-25.0158,-22.6229,-99,-99,890129,4170,0,0,0,0,0,0,0,0,0,0,474370,2574,0,0,415759,1596,0,0
34,34000,0.108899,0.338142,0.545631,5,1350,2.19342e+06,891102,-25.0158,-22.6229,-99,-99,886947,4155,0,0,0,0,0,0,0,0,0,0,474340,2513,0,0,412607,1642,0,0
35,35000,0.112756,0.349162,0.552954,0,1350,2.20507e+06,887245,-25.0158,-22.6229,-99,-99,882781,4464,0,0,0,0,0,0,0,0,0,0,469896,2753,0,0,412885,1711,0,0
36,36000,0.115551,0.356534,0.560038,6,1350,2.39273e+06,884450,-25.0158,-22.6229,-99,-99,879835,4615,0,0,0,0,0,0,0,0,0,0,469364,2762,0,0,410471,1853,0,0
37,37000,0.119528,0.36697,0.564955,1,1388,2.56532e+06,880473,-25.0158,-22.4622,-99,-99,875975,4498,0,0,0,0,0,0,0,0,0,0,469009,2743,0,0,406966,1755,0,0
38,38000,0.122051,0.373731,0.57138,0,1388,2.525e+06,877950,-25.0158,-22.6229,-99,-99,873237,4713,0,0,0,0,0,0,0,0,0,0,467492,2810,0,0,405745,1903,0,0
39,39000,0.126197,0.384529,0.578807,2,1388,2.46828e+06,873804,-25.0158,-22.4622,-99,-99,869070,4734,0,0,0,0,0,0,0,0,0,0,465813,2852,0,0,403257,1882,0,0
40,40000,0.129048,0.391352,0.582628,2,1388,2.57401e+06,870953,-25.0158,-22.4622,-99,-99,866063,4890,0,0,0,0,0,0,0,0,0,0,464497,2959,0,0,401566,1931,0,0
41,41000,0.133361,0.402079,0.589026,1,1388,2.51431e+06,866640,-25.0158,-22.4622,-99,-99,861863,4777,0,0,0,0,0,0,0,0,0,0,462441,2909,0,0,399422,1868,0,0
42,42000,0.136155,0.40996,0.594345,0,1388,2.61483e+06,863846,-25.0158,-22.4622,-99,-99,858712,5134,0,0,0,0,0,0,0,0,0,0,462382,3058,0,0,396330,2076,0,0
43,43000,0.13903,0.417065,0.600267,0,1388,2.6889e+06,860971,-25.0158,-22.4622,-99,-99,855779,5192,0,0,0,0,0,0,0,0,0,0,462714,3051,0,0,393065,2141,0,0
44,44000,0.14233,0.424299,0.60794,0,1388,2.82529e+06,857671,-25.0158,-22.4622,-99,-99,852511,5160,0,0,0,0,0,0,0,0,0,0,461391,3201,0,0,391120,1959,0,0
45,45000,0.145637,0.432692,0.611012,0,1388,2.88496e+06,854364,-25.0158,-22.4622,-99,-99,849074,5290,0,0,0,0,0,0,0,0,0,0,459928,3307,0,0,389146,1983,0,0
46,46000,0.149461,0.441439,0.614469,0,1388,2.8539e+06,850540,-25.0158,-22.4622,-99,-99,844907,5633,0,0,0,0,0,0,0,0,0,0,459542,3437,0,0,385365,2196,0,0
47,47000,0.15214,0.448009,0.622524,0,1388,3.13287e+06,847861,-25.0158,-22.4622,-99,-99,841969,5892,0,0,0,0,0,0,0,0,0,0,456529,3663,0,0,385440,2229,0,0
48,48000,0.154625,0.452838,0.62906,0,1388,2.89211e+06,845376,-25.0158,-22.4622,-99,-99,839246,6130,0,0,0,0,0,0,0,0,0,0,456614,3847,0,0,382632,2283,0,0
49,49000,0.158002,0.460831,0.630475,0,1388,3.32183e+06,841999,-25.0158,-22.4622,-99,-99,835325,6674,0,0,0,0,0,0,0,0,0,0,455235,4221,0,0,380090,2453,0,0
50,50000,0.160924,0.467101,0.635992,11,1388,3.16122e+06,839077,-25.0158,-22.4622,-99,-99,832347,6730,0,0,0,0,0,0,0,0,0,0,453372,4241,0,0,378975,2489,0,0
51,51000,0.163566,0.472778,0.64361,3,1388,3.35089e+06,836435,-25.0158,-22.4622,-99,-99,829211,7224,0,0,0,0,0,0,0,0,0,0,450920,4635,0,0,378291,2589,0,0
52,52000,0.166875,0.479489,0.64552,0,1388,3.14721e+06,833126,-25.01,-22.4622,-99,-99,825731,7395,0,0,0,0,0,0,0,0,0,0,449950,4659,0,0,375781,2736,0,0
53,53000,0.169803,0.485311,0.652573,0,1388,3.4228e+06,830198,-25.0158,-22.4622,-99,-99,822549,7649,0,0,0,0,0,0,0,0,0,0,447757,4731,0,0,374792,2918,0,0
54,54000,0.17268,0.490281,0.655707,0,1388,3.79578e+06,827321,-25.0158,-22.4622,-99,-99,819537,7784,0,0,0,0,0,0,0,0,0,0,446802,4835,0,0,372735,2949,0,0
55,55000,0.176003,0.496864,0.661054,0,1388,3.92738e+06,823998,-25.0158,-22.4622,-99,-99,816076,7922,0,0,0,0,0,0,0,0,0,0,444824,4972,0,0,371252,2950,0,0
56,56000,0.179328,0.50304,0.66673,0,1388,3.76375e+06,820673,-25.0158,-22.4622,-99,-99,812238,8435,0,0,0,0,0,0,0,0,0,0,443244,5406,0,0,368994,3029,0,0
57,57000,0.181964,0.507076,0.669036,0,1388,4.0909e+06,818037,-25.0158,-22.4622,-99,-99,809287,8750,0,0,0,0,0,0,0,0,0,0,441050,5658,0,0,368237,3092,0,0
58,58000,0.18547,0.513884,0.673273,0,1388,4.25554e+06,814531,-25.0158,-22.6229,-99,-99,805839,8692,0,0,0,0,0,0,0,0,0,0,439858,5571,0,0,365981,3121,0,0
59,59000,0.188261,0.518955,0.675492,0,1388,4.23185e+06,811740,-25.0158,-22.583,-99,-99,803241,8499,0,0,0,0,0,0,0,0,0,0,438296,5494,0,0,364945,3005,0,0
60,60000,0.191603,0.524518,0.680371,0,1388,3.92791e+06,808398,-25.0158,-22.4622,-99,-99,799412,8986,0,0,0,0,0,0,0,0,0,0,438295,5933,0,0,361117,3053,0,0
61,61000,0.194599,0.529829,0.683339,0,1388,4.05848e+06,805402,-25.0158,-22.4622,-99,-99,796371,9031,0,0,0,0,0,0,0,0,0,0,435428,5618,0,0,360943,3413,0,0
62,62000,0.1988,0.537359,0.686883,0,1388,3.80761e+06,801201,-25.0158,-22.4622,-99,-99,791743,9458,0,0,0,0,0,0,0,0,0,0,434612,5931,0,0,357131,3527,0,0
63,63000,0.201192,0.542066,0.686914,0,1388,3.88542e+06,798809,-25.0158,-22.4622,-99,-99,789361,9448,0,0,0,0,0,0,0,0,0,0,433427,6143,0,0,355934,3305,0,0
64,64000,0.204402,0.547692,0.691841,0,1388,3.9422e+06,795599,-25.0158,-22.6229,-99,-99,786204,9395,0,0,0,0,0,0,0,0,0,0,434288,5866,0,0,351916,3529,0,0
65,65000,0.207324,0.551769,0.693318,0,1388,4.04746e+06,792677,-25.0158,-22.6229,-99,-99,783073,9604,0,0,0,0,0,0,0,0,0,0,431311,6165,0,0,351762,3439,0,0
66,66000,0.209049,0.554754,0.696196,0,1388,4.18028e+06,790952,-25.0158,-22.6262,-99,-99,781419,9533,0,0,0,0,0,0,0,0,0,0,429959,6025,0,0,351460,3508,0,0
67,67000,0.212903,0.561714,0.699979,0,1388,4.10004e+06,787098,-25.0158,-22.4622,-99,-99,777609,9489,0,0,0,0,0,0,0,0,0,0,429840,5925,0,0,347769,3564,0,0
68,68000,0.216,0.566847,0.701397,0,1388,4.47397e+06,784001,-25.0158,-22.6229,-99,-99,774182,9819,0,0,0,0,0,0,0,0,0,0,429798,6379,0,0,344384,3440,0,0
69,69000,0.2191,0.571763,0.703478,0,1388,4.30841e+06,780901,-25.0158,-22.6229,-99,-99,771288,9613,0,0,0,0,0,0,0,0,0,0,427782,5966,0,0,343506,3647,0,0
70,70000,0.22143,0.57531,0.703974,0,1388,4.47919e+06,778571,-25.01,-22.6229,-99,-99,768818,9753,0,0,0,0,0,0,0,0,0,0,426952,6139,0,0,341866,3614,0,0
71,71000,0.224243,0.579845,0.706883,0,1388,4.84242e+06,775758,-25.0158,-22.6229,-99,-99,766298,9460,0,0,0,0,0,0,0,0,0,0,425119,5983,0,0,341179,3477,0,0
72,72000,0.226791,0.583724,0.709587,0,1388,4.58435e+06,773210,-25.0158,-22.6229,-99,-99,763708,9502,0,0,0,0,0,0,0,0,0,0,424177,5995,0,0,339531,3507,0,0
73,73000,0.229023,0.587082,0.713221,0,1388,4.739e+06,770978,-25.0158,-22.583,-99,-99,761696,9282,0,0,0,0,0,0,0,0,0,0,424353,5888,0,0,337343,3394,0,0
74,74000,0.231661,0.591467,0.718883,0,1388,4.66785e+06,768340,-25.0158,-22.6262,-99,-99,758745,9595,0,0,0,0,0,0,0,0,0,0,424400,6051,0,0,334345,3544,0,0
75,75000,0.234687,0.59631,0.715707,0,1388,4.69489e+06,765314,-25.0158,-22.583,-99,-99,755599,9715,0,0,0,0,0,0,0,0,0,0,421771,6236,0,0,333828,3479,0,0
76,76000,0.237259,0.600584,0.721304,0,1388,4.46808e+06,762742,-25.0158,-22.583,-99,-99,753071,9671,0,0,0,0,0,0,0,0,0,0,421687,6036,0,0,331384,3635,0,0
77,77000,0.239608,0.604644,0.722791,13,1388,4.87959e+06,760393,-25.0158,-22.6229,-99,-99,750876,9517,0,0,0,0,0,0,0,0,0,0,421292,6056,0,0,329584,3461,0,0
78,78000,0.242534,0.607726,0.723727,0,1388,5.13854e+06,757467,-25.0158,-22.4622,-99,-99,747625,9842,0,0,0,0,0,0,0,0,0,0,418786,6310,0,0,328839,3532,0,0
79,79000,0.244952,0.611938,0.724657,0,1388,4.83956e+06,755049,-25.0158,-22.583,-99,-99,745207,9842,0,0,0,0,0,0,0,0,0,0,419133,6244,0,0,326074,3598,0,0
80,80000,0.2476,0.6165,0.727451,0,1388,5.15103e+06,752401,-25.0158,-22.5434,-99,-99,742546,9855,0,0,0,0,0,0,0,0,0,0,418213,6130,0,0,324333,3725,0,0
81,81000,0.249545,0.619029,0.731016,0,1388,5.37695e+06,750456,-25.0158,-22.583,-99,-99,740336,10120,0,0,0,0,0,0,0,0,0,0,415789,6311,0,0,324547,3809,0,0
82,82000,0.252121,0.623225,0.731293,0,1388,5.23742e+06,747880,-25.0158,-22.583,-99,-99,737810,10070,0,0,0,0,0,0,0,0,0,0,416116,6021,0,0,321694,4049,0,0
83,83000,0.253679,0.62382,0.736359,0,1388,5.35316e+06,746322,-25.0158,-22.583,-99,-99,735831,10491,0,0,0,0,0,0,0,0,0,0,413417,6409,0,0,322414,4082,0,0
84,84000,0.256554,0.627952,0.738013,0,1388,4.91801e+06,743447,-25.0158,-22.4622,-99,-99,733375,10072,0,0,0,0,0,0,0,0,0,0,412894,5958,0,0,320481,4114,0,0
85,85000,0.259352,0.632502,0.74061,27,1388,5.21999e+06,740649,-25.0158,-22.583,-99,-99,730351,10298,0,0,0,0,0,0,0,0,0,0,411133,6302,0,0,319218,3996,0,0
86,86000,0.261877,0.635817,0.744313,0,1388,5.54409e+06,738124,-25.0158,-22.583,-99,-99,727675,10449,0,0,0,0,0,0,0,0,0,0,410109,6305,0,0,317566,4144,0,0
87,87000,0.263992,0.638526,0.744761,0,1388,5.56172e+06,736009,-25.0158,-22.583,-99,-99,725507,10502,0,0,0,0,0,0,0,0,0,0,410392,6484,0,0,315115,4018,0,0
88,88000,0.26617,0.641949,0.746061,0,1388,5.68503e+06,733831,-25.0158,-22.4622,-99,-99,723720,10111,0,0,0,0,0,0,0,0,0,0,408556,6226,0,0,315164,3885,0,0
89,89000,0.267906,0.642888,0.7475,0,1388,6.11807e+06,732095,-25.0158,-22.583,-99,-99,721473,10622,0,0,0,0,0,0,0,0,0,0,407340,6556,0,0,314133,4066,0,0
90,90000,0.271036,0.647726,0.749851,0,1388,6.13218e+06,728965,-25.0158,-22.583,-99,-99,718631,10334,0,0,0,0,0,0,0,0,0,0,404325,6268,0,0,314306,4066,0,0
91,91000,0.27297,0.650608,0.750274,0,1388,6.0526e+06,727031,-25.0158,-22.583,-99,-99,716878,10153,0,0,0,0,0,0,0,0,0,0,403103,6082,0,0,313775,4071,0,0
92,92000,0.275345,0.653838,0.75292,0,1388,6.29342e+06,724656,-25.0158,-22.583,-99,-99,714460,10196,0,0,0,0,0,0,0,0,0,0,401770,6016,0,0,312690,4180,0,0
93,93000,0.277577,0.655961,0.75527,0,1388,6.49591e+06,722424,-25.0158,-22.583,-99,-99,712446,9978,0,0,0,0,0,0,0,0,0,0,399733,5938,0,0,312713,4040,0,0
94,94000,0.279148,0.656841,0.75974,0,1388,6.22168e+06,720853,-25.0158,-22.583,-99,-99,710760,10093,0,0,0,0,0,0,0,0,0,0,397895,6006,0,0,312865,4087,0,0
95,95000,0.282047,0.661643,0.759556,0,1388,5.84756e+06,717954,-25.0158,-22.6229,-99,-99,708011,9943,0,0,0,0,0,0,0,0,0,0,397580,6015,0,0,310431,3928,0,0
96,96000,0.283872,0.663322,0.76181,0,1388,6.01694e+06,716129,-25.0158,-22.583,-99,-99,706155,9974,0,0,0,0,0,0,0,0,0,0,395696,6085,0,0,310459,3889,0,0
97,97000,0.285919,0.664791,0.764757,0,1388,6.02487e+06,714082,-25.0158,-22.583,-99,-99,704231,9851,0,0,0,0,0,0,0,0,0,0,394397,5936,0,0,309834,3915,0,0
98,98000,0.287722,0.667224,0.766571,0,1463,6.10239e+06,712279,-25.0158,-22.4622,-99,-99,702596,9683,0,0,0,0,0,0,0,0,0,0,392877,5719,0,0,309719,3964,0,0
99,99000,0.290431,0.670164,0.766397,0,1463,6.01447e+06,709570,-25.0158,-22.583,-99,-99,699720,9850,0,0,0,0,0,0,0,0,0,0,391730,5944,0,0,307990,3906,0,0
100,100000,0.292019,0.672536,0.769026,0,1463,6.41902e+06,707982,-25.0158,-22.4622,-99,-99,697975,10007,0,0,0,0,0,0,0,0,0,0,390644,5972,0,0,307331,4035,0,0
