erlang_index,erlang,general_blocking,Total_current_utilization,BBP,modulaciones_usadas_en_banda_E_con_16QAM,modulaciones_usadas_en_banda_E_con_8QAM,modulaciones_usadas_en_banda_E_con_QPSK,modulaciones_usadas_en_banda_E_con_BPSK,modulaciones_usadas_en_banda_S_con_16QAM,modulaciones_usadas_en_banda_S_con_8QAM,modulaciones_usadas_en_banda_S_con_QPSK,modulaciones_usadas_en_banda_S_con_BPSK,modulaciones_usadas_en_banda_L_con_16QAM,modulaciones_usadas_en_banda_L_con_8QAM,modulaciones_usadas_en_banda_L_con_QPSK,modulaciones_usadas_en_banda_L_con_BPSK,modulaciones_usadas_en_banda_C_con_16QAM,modulaciones_usadas_en_banda_C_con_8QAM,modulaciones_usadas_en_banda_C_con_QPSK,modulaciones_usadas_en_banda_C_con_BPSK
0,1000,0.216422,0.522778,38.0096,1619,2575,1149,3785,6644,9464,113726,1228,56964,148125,120068,0,162898,131432,23585,317
1,2000,0.322037,0.658028,25.0847,3450,2326,1832,7874,7726,14153,82710,4705,48611,120708,86776,0,125633,119082,51971,407
2,3000,0.40497,0.723456,19.1629,4104,2130,1771,9629,8829,11870,63146,9084,44465,104411,60474,0,106029,106131,61366,1592
3,4000,0.465382,0.764032,15.6569,4054,2293,1767,10788,9809,11090,53322,8767,40752,92756,44934,0,94651,97959,58358,3319
4,5000,0.514557,0.792893,13.3102,4155,1960,2430,10757,10025,10735,48688,7014,38156,82155,35628,0,86713,91964,51947,3116
5,6000,0.55519,0.815442,11.5922,3940,1829,2415,10571,9744,10994,45115,5281,37452,72879,29419,0,80430,86074,46245,2422
6,7000,0.589129,0.832847,10.3355,3574,1685,2521,11298,9535,11103,40282,4512,36554,65866,24808,0,76237,80310,40721,1865
7,8000,0.617841,0.848019,9.28478,3353,1554,2414,11225,8987,11056,36826,3649,36244,59696,21268,0,72267,75848,36361,1411
8,9000,0.643048,0.860942,8.40592,3067,1456,2434,10621,8854,10986,32787,3286,35865,54290,19191,0,68732,71434,32688,1261
9,10000,0.664292,0.871238,7.7052,2974,1338,2283,10414,8674,10614,30047,3009,35041,50146,17107,0,66314,67392,29270,1085
10,11000,0.682937,0.880669,7.07338,2712,1360,2490,9744,8952,10492,27073,2853,34290,46383,15491,0,63266,64349,26729,879
11,12000,0.698423,0.887424,6.60676,2441,1380,2443,9573,8827,10277,25185,2737,34066,43213,13952,0,61190,61109,24359,825
12,13000,0.712776,0.893807,6.17416,2319,1381,2832,8940,8657,10132,23096,2846,33251,40495,12782,0,59198,58622,21948,725
13,14000,0.725381,0.900287,5.78331,2239,1297,2640,8952,8677,10169,21349,2697,32472,37717,11930,0,57192,56430,20084,774
14,15000,0.736868,0.90681,5.42542,2024,1326,2818,8905,8354,10029,20012,2714,32019,35740,11241,0,54569,54271,18530,580
15,16000,0.747156,0.910715,5.14847,1863,1342,2797,8547,8390,9671,18600,2722,31733,33860,10195,0,53377,52290,16894,563
16,17000,0.756487,0.913876,4.90131,1876,1549,2694,8276,8219,9535,17646,2675,31836,31640,9438,0,51565,50763,15162,639
17,18000,0.764892,0.918117,4.65209,1771,1491,2668,8302,8369,8987,16884,2571,31050,30853,8793,0,49906,48883,14160,420
18,19000,0.772873,0.921892,4.42538,1598,1585,2544,8121,8608,8515,16247,2436,30738,29062,8343,0,48303,47544,13013,470
19,20000,0.780093,0.925402,4.21602,1582,1765,2741,7722,8470,8573,15035,2392,29976,28733,7943,0,46907,45627,11981,460
20,21000,0.786847,0.928349,4.0438,1450,1617,2566,7651,8265,8013,14607,2320,29740,27119,7189,0,45750,44614,11893,359
21,22000,0.793448,0.93047,3.88273,1589,1728,2476,7405,8476,7565,14106,2270,29412,26271,6867,0,44023,43250,10744,370
22,23000,0.799093,0.932899,3.72765,1405,2025,2487,7099,8390,7560,13496,2050,29495,24989,6562,0,42862,42032,10124,331
23,24000,0.804187,0.935233,3.60593,1210,2208,2569,7093,8270,7560,12888,2078,28614,24443,6073,0,42058,41067,9291,391
24,25000,0.808971,0.937583,3.47091,1245,2180,2368,7015,8822,7105,12594,1970,28860,23954,5777,0,40298,39255,9273,313
25,26000,0.814129,0.93902,3.36413,1332,2296,2450,6539,8669,7216,12087,1880,28324,22919,5370,0,39245,38534,8739,271
26,27000,0.818214,0.941162,3.2469,1212,2641,2409,6425,8950,7401,11347,1750,28074,22380,5154,0,37658,37849,8264,272
27,28000,0.822495,0.942993,3.14144,1253,2372,2260,6480,8419,7164,11311,1754,27541,21891,4675,0,37604,36706,7853,222
28,29000,0.826713,0.944547,3.03999,1114,2493,2248,6299,8965,7252,10753,1515,27429,20829,4712,0,36317,35646,7489,226
29,30000,0.830339,0.946225,2.94412,1172,2747,2081,6267,8870,7530,10258,1456,26789,20551,4435,0,35477,34613,7206,209
30,31000,0.833589,0.947529,2.86725,1180,2975,2060,6140,9071,7422,10212,1289,26237,20102,4111,0,34603,34027,6777,205
31,32000,0.836841,0.948482,2.80021,1154,3173,2063,6132,9221,7832,9896,1153,26097,19582,3998,0,33568,32690,6392,208
32,33000,0.840338,0.950063,2.71217,1115,3112,2080,6179,9443,7914,9067,1157,25237,18677,3938,0,32666,32625,6268,184
33,34000,0.843244,0.951285,2.64223,1069,3235,2173,6053,9778,7600,8837,1025,25274,18106,3813,0,31950,31513,6141,189
34,35000,0.846301,0.952706,2.56837,1020,3550,2108,6057,9499,7664,8752,952,24843,17713,3748,0,31046,30820,5751,176
35,36000,0.848869,0.953273,2.51789,1056,3470,2144,6244,9461,7536,8587,873,24488,17283,3497,0,30576,30176,5576,164
36,37000,0.851776,0.954654,2.44387,986,3827,2100,6332,9420,7901,8149,690,23782,16896,3444,0,29690,29429,5421,157
37,38000,0.854424,0.955744,2.39052,948,3717,2146,6520,9203,7762,8011,736,23386,16388,3306,0,29200,28860,5255,138
38,39000,0.856682,0.956311,2.34504,887,4073,2158,6372,9562,7854,7705,613,22938,16118,3327,0,28194,28317,5073,127
39,40000,0.859105,0.957757,2.27577,909,3989,2198,6522,9582,7630,7563,627,22597,15707,3175,0,27767,27495,4984,150
40,41000,0.861603,0.958211,2.23797,953,4003,2132,6551,9286,7507,7367,536,22480,15321,2974,0,27234,27119,4792,142
41,42000,0.863542,0.958801,2.19764,949,4012,2215,6639,9954,7731,6975,546,21627,14878,2891,0,26760,26522,4634,125
42,43000,0.865958,0.959782,2.14657,927,4030,2196,6453,9592,7494,6902,462,21732,14385,2935,0,26238,26071,4496,129
43,44000,0.868033,0.96048,2.10215,904,4019,2214,6475,9758,7461,6784,451,21273,14213,2819,0,25697,25411,4377,111
44,45000,0.87038,0.961062,2.0619,1019,4037,2383,6500,9633,7094,6666,418,20524,14078,2639,0,25190,25019,4314,106
45,46000,0.872335,0.961725,2.02738,844,4245,2174,6313,9470,7106,6461,414,20534,13659,2685,0,24739,24693,4237,91
46,47000,0.874828,0.962756,1.97697,891,3940,2177,6322,9341,7044,6193,368,20143,13320,2719,0,24173,24477,3970,94
47,48000,0.876956,0.963145,1.94431,867,3793,2244,6365,9202,6963,6192,328,19942,13267,2589,0,23568,23651,3981,92
48,49000,0.878795,0.963893,1.91141,813,3995,2256,6236,9288,6966,5946,262,19607,13007,2558,0,23057,23184,3928,102
49,50000,0.880672,0.964287,1.87624,887,3923,2310,6066,8921,6919,6134,265,19350,12711,2485,0,22614,22948,3706,89
50,51000,0.882595,0.965133,1.84405,900,3919,2269,6213,9126,7091,5584,278,18650,12475,2360,0,22463,22369,3612,96
51,52000,0.884375,0.965627,1.80417,844,4013,2206,6083,9289,6609,5554,263,18521,12202,2424,0,21717,22079,3730,91
52,53000,0.886362,0.966124,1.78011,860,4023,2282,5891,8955,6230,5640,269,18123,11970,2358,0,21622,21762,3549,104
53,54000,0.888075,0.966593,1.74814,879,3806,2263,5701,9089,6454,5613,231,18181,11647,2253,0,20957,21165,3606,80
54,55000,0.889909,0.967396,1.71721,757,3652,2206,5845,8840,6452,5350,208,17833,11758,2295,0,20554,20849,3410,82
55,56000,0.891309,0.967786,1.69246,819,3729,2230,5697,8740,6247,5336,259,17462,11390,2165,0,20473,20734,3348,62
56,57000,0.893153,0.968501,1.6607,709,3719,2251,5605,8617,6181,5107,216,17025,10963,2198,0,20225,20755,3193,83
57,58000,0.894981,0.968811,1.63636,738,3809,2099,5708,8649,5684,5005,214,16707,10999,2187,0,19891,20134,3126,69
58,59000,0.896645,0.969453,1.60704,731,3593,2077,5337,8322,5911,5156,231,16380,10864,2201,0,19344,19897,3248,63
59,60000,0.897864,0.969918,1.57888,698,3507,2074,5461,8508,6044,4979,214,16355,10651,2119,0,18918,19498,3044,66
60,61000,0.899551,0.970172,1.56132,802,3626,2198,5393,8246,5706,4994,204,16012,10510,2043,0,18417,19159,3079,60
61,62000,0.901107,0.970849,1.53545,713,3432,2133,5378,8279,5860,4738,201,15959,10394,1930,0,18050,18754,3006,66
62,63000,0.902416,0.971209,1.51321,725,3412,2082,5198,8090,5546,4866,204,15365,10169,1933,0,18308,18528,3086,72
63,64000,0.903578,0.971765,1.49118,681,3585,1957,5065,8023,5741,4748,198,15265,10149,1922,0,17803,18282,2924,79
64,65000,0.90512,0.971706,1.48131,687,3326,1921,5284,7927,5458,4609,175,15156,9804,2014,0,17683,17878,2878,80
65,66000,0.906767,0.972165,1.45332,741,3127,1929,5086,7740,5515,4357,185,14890,9994,1869,0,17184,17644,2896,76
66,67000,0.90784,0.972518,1.4362,691,3336,2027,4852,7832,5364,4431,180,14403,9472,1856,0,17174,17629,2828,85
67,68000,0.909099,0.973339,1.40272,738,3194,1974,4876,7619,5350,4334,160,14319,9647,1907,0,16835,17139,2735,74
68,69000,0.910218,0.973518,1.387,692,3245,1940,4775,7745,5234,4184,156,14484,9267,1781,0,16539,16903,2767,70
69,70000,0.911506,0.973832,1.37431,615,3067,1973,4795,7496,5093,4354,155,13759,9474,1838,0,16206,16955,2652,62
70,71000,0.912549,0.974379,1.35203,590,3107,1986,4620,7413,5195,4243,163,13941,8944,1786,0,15881,16742,2775,65
71,72000,0.913823,0.974658,1.33708,717,2893,1874,4627,7323,5186,4098,164,13695,8949,1746,0,15598,16572,2657,78
72,73000,0.914571,0.974938,1.31995,754,3136,1918,4599,7311,5084,3986,155,13499,8787,1817,0,15583,16154,2574,72
73,74000,0.91575,0.975019,1.30638,643,3050,1809,4497,7229,4917,4078,131,13412,8863,1646,0,15506,15923,2477,69
74,75000,0.91659,0.975326,1.29207,696,2902,1841,4443,7227,4988,3981,129,13114,8611,1707,0,15213,16172,2323,63
75,76000,0.918018,0.975401,1.27914,681,2973,1677,4539,6869,4592,3901,161,13193,8434,1710,0,15063,15728,2393,68
76,77000,0.918554,0.975915,1.2616,666,2846,1803,4329,6905,4690,3998,148,13094,8376,1683,0,14834,15485,2521,68
77,78000,0.919604,0.976303,1.24062,640,2880,1777,4484,6772,4770,3933,151,12926,8143,1685,0,14564,15308,2300,63
78,79000,0.920662,0.976515,1.23109,657,2736,1637,4301,6701,4584,3879,172,12475,8321,1572,0,14671,15242,2325,65
79,80000,0.92181,0.976909,1.21253,579,2710,1698,4323,6592,4460,3793,143,12428,8033,1573,0,14448,15039,2302,69
80,81000,0.922422,0.977176,1.20165,592,2716,1703,4235,6675,4636,3766,147,12066,8119,1579,0,14035,14903,2330,76
81,82000,0.923617,0.97752,1.18817,588,2848,1723,4152,6422,4563,3611,167,11882,7890,1596,0,13770,14823,2286,62
82,83000,0.924331,0.977507,1.17696,538,2665,1748,4270,6514,4382,3647,156,11942,7747,1433,0,13820,14522,2227,58
83,84000,0.925457,0.977964,1.16012,594,2692,1720,4226,6187,4474,3514,162,11719,7721,1500,0,13347,14395,2226,66
84,85000,0.926027,0.978064,1.15074,575,2681,1614,4094,6343,4412,3569,166,11626,7593,1515,0,13411,14133,2187,54
85,86000,0.926839,0.978442,1.13823,529,2533,1629,4103,6210,4403,3500,132,11641,7554,1545,0,13131,14215,1982,54
86,87000,0.927704,0.978825,1.11834,573,2560,1539,4027,6172,4292,3411,164,11383,7405,1399,0,13091,14076,2135,69
87,88000,0.928304,0.97864,1.11736,600,2442,1535,3935,6216,4313,3238,154,11404,7509,1506,0,12840,13779,2166,59
88,89000,0.929247,0.978779,1.11043,676,2504,1610,3872,5963,4128,3375,152,11100,7424,1405,0,12720,13639,2124,61
89,90000,0.930125,0.979277,1.09264,566,2439,1531,3892,5971,4192,3329,137,10896,7209,1536,0,12655,13365,2090,67
90,91000,0.930849,0.979493,1.07853,528,2579,1576,3795,5851,4052,3258,154,10816,7259,1380,0,12456,13293,2091,63
91,92000,0.93167,0.979939,1.06146,522,2456,1432,3786,5885,4020,3230,133,10833,7101,1385,0,12210,13300,1971,66
92,93000,0.932082,0.979626,1.06685,524,2364,1473,3883,5659,3917,3213,150,10884,6880,1413,0,12234,13219,2047,58
93,94000,0.932789,0.980158,1.04755,546,2268,1520,3767,5717,3903,3189,171,10569,6978,1376,0,12249,12935,1965,58
94,95000,0.933843,0.980471,1.03173,504,2354,1420,3658,5809,3938,3079,171,10367,6790,1387,0,11778,12856,1991,55
95,96000,0.934284,0.980375,1.03056,509,2338,1401,3670,5486,3987,3151,125,10392,6910,1324,0,12056,12366,1944,57
96,97000,0.93486,0.980784,1.01836,481,2433,1349,3534,5415,3959,3190,119,10152,6860,1412,0,11649,12609,1918,60
97,98000,0.935528,0.980914,1.00856,493,2232,1367,3641,5452,4021,3050,123,10328,6618,1376,0,11496,12312,1904,59
98,99000,0.936017,0.980984,1.00275,464,2306,1480,3526,5390,3975,3163,116,10145,6384,1346,0,11518,12223,1899,48
99,100000,0.936674,0.98139,0.989071,508,2265,1395,3566,5382,4000,3091,125,9839,6632,1275,0,11396,11986,1807,59
