erlang_index,erlang,general_blocking,Total_current_utilization,BBP,modulaciones_usadas_en_banda_E_con_16QAM,modulaciones_usadas_en_banda_E_con_8QAM,modulaciones_usadas_en_banda_E_con_QPSK,modulaciones_usadas_en_banda_E_con_BPSK,modulaciones_usadas_en_banda_S_con_16QAM,modulaciones_usadas_en_banda_S_con_8QAM,modulaciones_usadas_en_banda_S_con_QPSK,modulaciones_usadas_en_banda_S_con_BPSK,modulaciones_usadas_en_banda_L_con_16QAM,modulaciones_usadas_en_banda_L_con_8QAM,modulaciones_usadas_en_banda_L_con_QPSK,modulaciones_usadas_en_banda_L_con_BPSK,modulaciones_usadas_en_banda_C_con_16QAM,modulaciones_usadas_en_banda_C_con_8QAM,modulaciones_usadas_en_banda_C_con_QPSK,modulaciones_usadas_en_banda_C_con_BPSK
0,1000,0,0,57.2331,261496,0,0,0,238677,0,0,0,110,0,0,0,499718,0,0,0
1,2000,0,0,57.2348,261496,17,0,0,224606,0,0,0,27245,0,0,0,486637,0,0,0
2,3000,0.002265,0.00709006,57.1771,261156,5799,0,0,211658,0,0,0,46042,0,0,0,473081,0,0,0
3,4000,0.016629,0.0518469,53.3135,258021,7032,0,0,203728,0,0,0,56555,0,0,0,458036,0,0,0
4,5000,0.036007,0.110721,48.9531,250589,7539,0,0,202080,0,0,0,62094,0,0,0,441692,0,0,0
5,6000,0.0556619,0.169182,44.9225,243394,7076,0,0,198977,0,0,0,72580,0,0,0,422312,0,0,0
6,7000,0.0745349,0.22285,41.3844,238830,7054,0,0,193644,0,0,0,82533,0,0,0,403405,0,0,0
7,8000,0.0909369,0.264153,38.6476,235388,6407,0,0,188098,0,0,0,90534,0,0,0,388637,0,0,0
8,9000,0.108018,0.303507,36.0667,230499,5763,0,0,183636,0,0,0,98045,0,0,0,374040,0,0,0
9,10000,0.122752,0.336073,33.9345,225994,5496,0,0,180732,0,0,0,102642,0,0,0,362385,0,0,0
10,11000,0.135066,0.362911,32.2397,221695,5403,0,0,179182,0,0,0,107051,0,0,0,351604,0,0,0
11,12000,0.146138,0.38695,30.7457,217739,5647,0,0,178409,0,0,0,109653,0,0,0,342415,0,0,0
12,13000,0.156175,0.407596,29.4555,214896,5736,0,0,177813,0,0,0,113187,0,0,0,332194,0,0,0
13,14000,0.165722,0.425691,28.3532,211676,6172,0,0,178273,0,0,0,113771,0,0,0,324387,0,0,0
14,15000,0.176446,0.445085,27.2344,208030,6864,0,0,179189,0,0,0,113010,0,0,0,316462,0,0,0
15,16000,0.187344,0.465035,26.1498,204518,7696,0,0,179239,0,0,0,112350,0,0,0,308854,0,0,0
16,17000,0.197477,0.481935,25.1709,201008,8245,0,0,178164,0,0,0,113030,0,0,0,302077,0,0,0
17,18000,0.207147,0.498914,24.23,198358,8760,0,0,177053,0,0,0,113267,0,0,0,295416,0,0,0
18,19000,0.215902,0.513309,23.4484,195792,9511,0,0,175906,0,0,0,113845,0,0,0,289045,0,0,0
19,20000,0.224901,0.527183,22.6663,193942,10989,0,0,172771,0,0,0,113635,0,0,0,283763,0,0,0
20,21000,0.232713,0.540177,21.9601,191837,12640,0,0,170485,0,0,0,114231,0,0,0,278095,0,0,0
21,22000,0.241924,0.554572,21.1598,189200,14100,0,0,166826,0,0,0,115226,0,0,0,272725,0,0,0
22,23000,0.249081,0.565046,20.5738,188125,16131,0,0,163662,0,0,0,116225,0,0,0,266777,0,0,0
23,24000,0.256925,0.57461,19.9997,187203,16751,0,0,159278,0,0,0,117720,0,0,0,262124,0,0,0
24,25000,0.26433,0.585085,19.4369,186212,18126,0,0,157053,0,0,0,117255,0,0,0,257025,0,0,0
25,26000,0.271769,0.593586,18.9455,184452,19486,0,0,154295,0,0,0,117363,0,0,0,252636,0,0,0
26,27000,0.278771,0.600994,18.5075,182919,21257,0,0,151947,0,0,0,116443,0,0,0,248664,0,0,0
27,28000,0.287001,0.609175,18.0292,181133,21496,0,0,149547,0,0,0,116418,0,0,0,244406,0,0,0
28,29000,0.295406,0.616081,17.5874,179890,20973,0,0,147410,0,0,0,116209,0,0,0,240113,0,0,0
29,30000,0.304346,0.622262,17.1847,177729,20715,0,0,145271,0,0,0,115398,0,0,0,236542,0,0,0
30,31000,0.314285,0.628552,16.7524,175572,19978,0,0,143360,0,0,0,114304,0,0,0,232502,0,0,0
31,32000,0.32288,0.633311,16.3881,172694,19181,0,0,142221,0,0,0,114586,0,0,0,228439,0,0,0
32,33000,0.331542,0.638845,16.038,170237,18114,0,0,141068,0,0,0,113894,0,0,0,225146,0,0,0
33,34000,0.339503,0.643941,15.7074,168456,17647,0,0,139345,0,0,0,113180,0,0,0,221870,0,0,0
34,35000,0.348428,0.648935,15.3755,165850,16998,0,0,137763,0,0,0,112323,0,0,0,218639,0,0,0
35,36000,0.35573,0.653823,15.0477,163938,16445,0,0,136783,0,0,0,111968,0,0,0,215137,0,0,0
36,37000,0.363733,0.65833,14.7425,161399,15754,0,0,135255,0,0,0,110436,0,0,0,213424,0,0,0
37,38000,0.370886,0.66147,14.498,159150,14931,0,0,134682,0,0,0,111131,0,0,0,209221,0,0,0
38,39000,0.377508,0.665874,14.2252,156909,14693,0,0,132931,0,0,0,110239,0,0,0,207721,0,0,0
39,40000,0.383729,0.669151,13.9983,155643,14160,0,0,132477,0,0,0,109554,0,0,0,204438,0,0,0
40,41000,0.391011,0.67455,13.6888,153631,13495,0,0,130676,0,0,0,109038,0,0,0,202150,0,0,0
41,42000,0.397,0.678322,13.4539,151192,13097,0,0,130204,0,0,0,108642,0,0,0,199866,0,0,0
42,43000,0.402564,0.681756,13.2469,150539,12573,0,0,129029,0,0,0,108625,0,0,0,196671,0,0,0
43,44000,0.408868,0.685484,13.0049,147139,12682,0,0,128589,0,0,0,107966,0,0,0,194757,0,0,0
44,45000,0.414334,0.688007,12.8218,146682,11795,0,0,127341,0,0,0,106798,0,0,0,193051,0,0,0
45,46000,0.419362,0.693059,12.5927,144525,12085,0,0,126812,0,0,0,106220,0,0,0,190997,0,0,0
46,47000,0.424055,0.694756,12.4409,143540,11739,0,0,125861,0,0,0,106080,0,0,0,188726,0,0,0
47,48000,0.429374,0.699361,12.2125,141835,11596,0,0,125131,0,0,0,105222,0,0,0,186843,0,0,0
48,49000,0.434137,0.702104,12.0534,140493,11394,0,0,124452,0,0,0,104427,0,0,0,185098,0,0,0
49,50000,0.439814,0.706243,11.8212,138979,11181,0,0,123363,0,0,0,103707,0,0,0,182957,0,0,0
50,51000,0.443632,0.708153,11.6839,137924,11151,0,0,122870,0,0,0,103170,0,0,0,181254,0,0,0
51,52000,0.448409,0.711782,11.5018,136517,10945,0,0,122169,0,0,0,102497,0,0,0,179464,0,0,0
52,53000,0.451942,0.71324,11.3919,135625,10647,0,0,121871,0,0,0,102276,0,0,0,177640,0,0,0
53,54000,0.455995,0.71621,11.2532,134665,10489,0,0,120957,0,0,0,101833,0,0,0,176062,0,0,0
54,55000,0.460693,0.719564,11.0718,132984,10714,0,0,120382,0,0,0,100485,0,0,0,174743,0,0,0
55,56000,0.46481,0.721875,10.9329,131962,10419,0,0,119812,0,0,0,100286,0,0,0,172712,0,0,0
56,57000,0.468092,0.723901,10.8163,130733,10425,0,0,119313,0,0,0,100406,0,0,0,171032,0,0,0
57,58000,0.472028,0.727459,10.6567,130006,10443,0,0,118567,0,0,0,99295,0,0,0,169662,0,0,0
58,59000,0.475931,0.728891,10.5506,129726,10090,0,0,118043,0,0,0,98099,0,0,0,168112,0,0,0
59,60000,0.479188,0.730997,10.4395,129077,10172,0,0,117044,0,0,0,97489,0,0,0,167031,0,0,0
60,61000,0.483224,0.733468,10.2897,127856,9592,0,0,116213,0,0,0,96916,0,0,0,166200,0,0,0
61,62000,0.486128,0.735463,10.1962,127720,9725,0,0,115677,0,0,0,96082,0,0,0,164669,0,0,0
62,63000,0.489922,0.737981,10.0759,126737,9486,0,0,114685,0,0,0,96140,0,0,0,163031,0,0,0
63,64000,0.492731,0.740572,9.95888,125923,9928,0,0,114236,0,0,0,95421,0,0,0,161762,0,0,0
64,65000,0.496687,0.742212,9.84198,125101,9306,0,0,113888,0,0,0,94488,0,0,0,160531,0,0,0
65,66000,0.499749,0.743679,9.74949,124247,9139,0,0,113745,0,0,0,93650,0,0,0,159471,0,0,0
66,67000,0.502604,0.746609,9.63926,124287,9275,0,0,113171,0,0,0,92559,0,0,0,158104,0,0,0
67,68000,0.506303,0.748552,9.527,122984,9120,0,0,112136,0,0,0,93320,0,0,0,156137,0,0,0
68,69000,0.508912,0.750089,9.44403,122563,9207,0,0,111909,0,0,0,92061,0,0,0,155348,0,0,0
69,70000,0.511836,0.752505,9.34024,121882,9003,0,0,112106,0,0,0,90665,0,0,0,154508,0,0,0
70,71000,0.515088,0.753867,9.25247,120628,8955,0,0,110894,0,0,0,91689,0,0,0,152746,0,0,0
71,72000,0.5184,0.756106,9.14504,119818,8728,0,0,110425,0,0,0,90884,0,0,0,151745,0,0,0
72,73000,0.520949,0.75797,9.0586,119894,8655,0,0,109798,0,0,0,89884,0,0,0,150820,0,0,0
73,74000,0.523834,0.760459,8.95409,118797,8689,0,0,109620,0,0,0,89331,0,0,0,149729,0,0,0
74,75000,0.526787,0.76208,8.87507,118549,8532,0,0,108782,0,0,0,88845,0,0,0,148505,0,0,0
75,76000,0.529016,0.763528,8.79349,118471,8397,0,0,108303,0,0,0,88158,0,0,0,147655,0,0,0
76,77000,0.53127,0.764739,8.73451,117035,8594,0,0,107744,0,0,0,89119,0,0,0,146238,0,0,0
77,78000,0.533522,0.765897,8.6778,117002,8696,0,0,107754,0,0,0,87538,0,0,0,145488,0,0,0
78,79000,0.536702,0.768133,8.57327,115823,8839,0,0,107194,0,0,0,87230,0,0,0,144212,0,0,0
79,80000,0.539216,0.769909,8.485,115436,8495,0,0,106666,0,0,0,86723,0,0,0,143464,0,0,0
80,81000,0.54161,0.771409,8.42343,114971,8406,0,0,107098,0,0,0,85660,0,0,0,142255,0,0,0
81,82000,0.544496,0.773505,8.3284,114085,8196,0,0,105834,0,0,0,86231,0,0,0,141158,0,0,0
82,83000,0.546443,0.774935,8.27285,113690,8808,0,0,105882,0,0,0,84632,0,0,0,140545,0,0,0
83,84000,0.548684,0.775717,8.21839,113422,8367,0,0,105528,0,0,0,84886,0,0,0,139113,0,0,0
84,85000,0.551583,0.778004,8.13372,113075,8428,0,0,104347,0,0,0,84164,0,0,0,138403,0,0,0
85,86000,0.552937,0.777784,8.10441,112642,8570,0,0,104402,0,0,0,84194,0,0,0,137255,0,0,0
86,87000,0.55553,0.780297,8.02866,111629,8366,0,0,104579,0,0,0,83457,0,0,0,136439,0,0,0
87,88000,0.558375,0.782356,7.93758,110652,8346,0,0,103643,0,0,0,83575,0,0,0,135409,0,0,0
88,89000,0.560662,0.783221,7.88376,110447,8190,0,0,103639,0,0,0,82498,0,0,0,134564,0,0,0
89,90000,0.562567,0.784937,7.81127,110581,8080,0,0,102513,0,0,0,82517,0,0,0,133742,0,0,0
90,91000,0.564614,0.786071,7.75709,109959,8306,0,0,102274,0,0,0,81729,0,0,0,133118,0,0,0
91,92000,0.566517,0.787556,7.70313,109102,8512,0,0,102556,0,0,0,81703,0,0,0,131610,0,0,0
92,93000,0.56858,0.78886,7.63329,108463,8099,0,0,102657,0,0,0,80916,0,0,0,131285,0,0,0
93,94000,0.570911,0.789822,7.58799,107734,8440,0,0,101374,0,0,0,81013,0,0,0,130528,0,0,0
94,95000,0.572809,0.791558,7.51861,107231,8572,0,0,100903,0,0,0,80540,0,0,0,129945,0,0,0
95,96000,0.574546,0.792485,7.47432,107102,8004,0,0,100938,0,0,0,80404,0,0,0,129006,0,0,0
96,97000,0.577418,0.7936,7.42149,106185,7913,0,0,100006,0,0,0,80199,0,0,0,128279,0,0,0
97,98000,0.578223,0.795026,7.36171,106346,8358,0,0,99554,0,0,0,79639,0,0,0,127880,0,0,0
98,99000,0.581015,0.796963,7.29996,105093,8047,0,0,99872,0,0,0,79094,0,0,0,126879,0,0,0
99,100000,0.582559,0.797638,7.25184,105648,8065,0,0,99197,0,0,0,78830,0,0,0,125701,0,0,0
